1.0000000000000000,0.0003339603196570,0.0329386437735954,0.0000846109417078,0.0416387493736409,0.0004037379226626,0.0141554297636705,0.0210239400871823,0.0210239400871823,0.0023151642122016,0.0210239400871823,0.0004905720898788,0.0014266736230910,0.0003339603196570,0.0002316586924003,0.0003339603196570,0.0098994730432869,0.0007366767613157,0.0141554297636705,0.0000458726009290,0.0000992692268651,0.0004037379226626,0.0000723213987905,0.0141554297636705,0.0009114006789950,0.0029984932352016,0.0210239400871823,0.0210239400871823,0.0141554297636705,0.0039354603407379,0.0210239400871823,0.0023151642122016,0.0098994730432869,0.0029984932352016,0.0007366767613157,0.0002316586924003,0.0029984932352016,0.0039354603407379,0.0029984932352016,0.0023151642122016,0.0098994730432869,0.0014266736230910,0.0141554297636705,0.0098994730432869,0.0210239400871823,0.0210239400871823,0.0402395408985989,0.0141554297636705,0.0210239400871823,0.0141554297636705,0.0141554297636705,0.0210239400871823,0.0071250659663392,0.0141554297636705,0.0141554297636705,0.0210239400871823,0.0210239400871823,0.0141554297636705,0.0141554297636705,0.0029984932352016,0.0210239400871823,0.0210239400871823,0.0210239400871823,0.0141554297636705,0.0039354603407379,0.0052462901709117,0.0141554297636705,0.0098994730432869,0.0243009963081189,0.0141554297636705,0.0210239400871823,0.0210239400871823,0.0141554297636705,0.0210239400871823,0.0210239400871823,0.0210239400871823,0.0210239400871823,0.0431525828547627,0.0280268443328485,0.0141554297636705,0.0687461616402171,0.0023151642122016,0.0210239400871823,0.0071250659663392,0.0071250659663392,0.0384195064664292,0.0210239400871823,0.0141554297636705,0.0210239400871823,0.0210239400871823,0.0210239400871823,0.0210239400871823,0.0210239400871823,0.0039354603407379,0.0210239400871823,0.0210239400871823,0.0052462901709117,0.0686466109970120,0.0141554297636705,0.0210239400871823,0.0052462901709117,0.0141554297636705,0.0210239400871823,0.0098994730432869,0.0210239400871823,0.0071250659663392,0.0141554297636705,0.0210239400871823,0.0071250659663392,0.0141554297636705,0.0210239400871823,0.0210239400871823,0.0210239400871823,0.0071250659663392,0.0210239400871823,0.0210239400871823,0.0480584265857132,0.0210239400871823,0.0210239400871823,0.0210239400871823,0.0507725701894188,0.0210239400871823,0.0272539243544459,0.0210239400871823,0.0141554297636705,0.0210239400871823,0.0210239400871823,0.0210239400871823,0.0210239400871823,0.0329386437735954,0.0141554297636705,0.0210239400871823,0.0141554297636705,0.0141554297636705,0.0540640048299385,0.0210239400871823,0.0210239400871823,0.0210239400871823,0.0561050274266665,0.0210239400871823,0.0602094891975516,0.0210239400871823,0.0210239400871823,0.0406159334412090,0.0448704242626218,0.0384817351540169,0.0210239400871823,0.0384195064664292,0.0210239400871823,0.0210239400871823,0.0141554297636705,0.0210239400871823,0.0210239400871823,0.0210239400871823,0.0210239400871823,0.0210239400871823,0.0512348686531279
0.0003339603196570,1.0000000000000000,0.0005993640913745,0.0982045888702824,0.0003339603196570,0.1066785317741755,0.0004037379226626,0.0003339603196570,0.0003339603196570,0.0001941491940139,0.0003339603196570,0.0738279094391112,0.1041009318920153,0.0971781589407814,0.0909208363780769,0.0689871542086667,0.0770465049909639,0.1037158198198340,0.0660052771854928,0.0839862901289202,0.0786303309253894,0.1039039084669971,0.1291837282371925,0.0002775401498485,0.0871523390028808,0.0898735405581533,0.0886211255350354,0.0982809634441673,0.0002775401498485,0.0001941491940139,0.0003339603196570,0.0001378981373653,0.0785321740638162,0.0995948025881265,0.0738898373852623,0.0986840798160743,0.0889906751324705,0.1347539227889086,0.0987096069391978,0.0949087929157056,0.0969320542693445,0.0943475678879612,0.1374782384836845,0.0004905720898788,0.0004905720898788,0.0004905720898788,0.0998316850716706,0.0004037379226626,0.1139853344337696,0.0004037379226626,0.0005993640913745,0.0004905720898788,0.0005993640913745,0.0005993640913745,0.0004037379226626,0.0004905720898788,0.0004905720898788,0.1839563302339041,0.0005993640913745,0.0789218396342678,0.0781438615253805,0.0004905720898788,0.1026450520636686,0.0005993640913745,0.0005993640913745,0.1019850488227280,0.0005993640913745,0.0004905720898788,0.1023827720630498,0.0931317920468884,0.0003339603196570,0.0003339603196570,0.0002775401498485,0.0003339603196570,0.0003339603196570,0.0003339603196570,0.0003339603196570,0.0960446641169712,0.1126380590394229,0.1522862392741028,0.0004037379226626,0.0907835237081356,0.1840431644011203,0.0005993640913745,0.0009114006789950,0.1104293532339597,0.0764548753890352,0.0004037379226626,0.1130754276190725,0.0891607941083436,0.0004905720898788,0.1840431644011203,0.1153812230371264,0.1079416480044565,0.0004905720898788,0.0004905720898788,0.1164736391932528,0.0004905720898788,0.0911185704512748,0.0004905720898788,0.1078328560029607,0.0004037379226626,0.1135124294729834,0.0745390497418979,0.0004905720898788,0.0005993640913745,0.0004037379226626,0.1185791923019210,0.0773910453949508,0.0005993640913745,0.0004905720898788,0.0004905720898788,0.0004905720898788,0.0005993640913745,0.1346841451859030,0.1162275345218159,0.0004905720898788,0.0908367994830982,0.0004905720898788,0.1060275994649127,0.0003339603196570,0.0952598029053666,0.0656709874925720,0.1523730734413190,0.0672565888268195,0.0004905720898788,0.0004905720898788,0.0004905720898788,0.0004905720898788,0.0004037379226626,0.0005993640913745,0.0952467742386604,0.0005993640913745,0.0004037379226626,0.0004905720898788,0.0004905720898788,0.0003339603196570,0.1522164616710972,0.0003339603196570,0.0003339603196570,0.0743671769257801,0.0004905720898788,0.0004905720898788,0.1113696918909341,0.1097633186617863,0.0004905720898788,0.1246140107136303,0.1104293532339597,0.1119108372027784,0.0003339603196570,0.0004037379226626,0.0003339603196570,0.1522164616710972,0.1139853344337696,0.0004905720898788,0.0004905720898788,0.0004905720898788
0.0329386437735954,0.0005993640913745,1.0000000000000000,0.0001378981373653,0.0329386437735954,0.0004905720898788,0.2337407393187697,0.0329386437735954,0.0329386437735954,0.0029984932352016,0.0329386437735954,0.0009114006789950,0.0018082570894064,0.0005993640913745,0.0004037379226626,0.0004037379226626,0.0141554297636705,0.0009114006789950,0.0210239400871823,0.0000723213987905,0.0001633326108913,0.0004905720898788,0.0001168153894527,0.0210239400871823,0.0018082570894064,0.0071250659663392,0.0329386437735954,0.0329386437735954,0.0210239400871823,0.0052462901709117,0.0329386437735954,0.0029984932352016,0.0141554297636705,0.0039354603407379,0.0014266736230910,0.0004037379226626,0.0039354603407379,0.0052462901709117,0.0039354603407379,0.0029984932352016,0.0141554297636705,0.0029984932352016,0.0561050274266665,0.0520969072812481,0.0329386437735954,0.0684155251991067,0.0329386437735954,0.0619285963058225,0.0329386437735954,0.1506052449677996,0.1023882922769029,0.1444623446676178,0.0098994730432869,0.0210239400871823,0.0567354775429484,0.0796972932704251,0.0329386437735954,0.0210239400871823,0.1325476409812048,0.0039354603407379,0.0329386437735954,0.0699684344911784,0.0329386437735954,0.0608503245757461,0.0098994730432869,0.0141554297636705,0.0795711653527441,0.0141554297636705,0.0098994730432869,0.0210239400871823,0.0329386437735954,0.0329386437735954,0.0210239400871823,0.0329386437735954,0.0908873224314666,0.0329386437735954,0.0329386437735954,0.0329386437735954,0.0141554297636705,0.0210239400871823,0.0210239400871823,0.0052462901709117,0.0329386437735954,0.0098994730432869,0.0098994730432869,0.0329386437735954,0.0329386437735954,0.0210239400871823,0.0329386437735954,0.0329386437735954,0.0329386437735954,0.0329386437735954,0.0329386437735954,0.0052462901709117,0.0329386437735954,0.0329386437735954,0.0071250659663392,0.0329386437735954,0.0210239400871823,0.0329386437735954,0.0071250659663392,0.0413370133025121,0.0329386437735954,0.0141554297636705,0.0329386437735954,0.0098994730432869,0.0210239400871823,0.0329386437735954,0.0098994730432869,0.1182135282091811,0.0329386437735954,0.0329386437735954,0.1569116629500076,0.0098994730432869,0.0329386437735954,0.0329386437735954,0.0329386437735954,0.0329386437735954,0.0329386437735954,0.0329386437735954,0.0329386437735954,0.0329386437735954,0.0584252583466226,0.0329386437735954,0.0210239400871823,0.0329386437735954,0.0329386437735954,0.0329386437735954,0.0329386437735954,0.0210239400871823,0.0553042970241131,0.0329386437735954,0.0210239400871823,0.0210239400871823,0.0501525775989100,0.0329386437735954,0.0329386437735954,0.0329386437735954,0.0329386437735954,0.0329386437735954,0.1123136859528232,0.1123136859528232,0.1123136859528232,0.1123136859528232,0.1123136859528232,0.1123136859528232,0.1123136859528232,0.1123136859528232,0.0329386437735954,0.0329386437735954,0.0210239400871823,0.0329386437735954,0.0329386437735954,0.0329386437735954,0.0329386437735954,0.0329386437735954,0.0329386437735954
0.0000846109417078,0.0982045888702824,0.0001378981373653,1.0000000000000000,0.0001168153894527,0.0175602502872051,0.0000723213987905,0.0000846109417078,0.0000846109417078,0.0000396028404027,0.0000846109417078,0.0442645720052881,0.0213601369072796,0.0327827156555852,0.0429864197885328,0.1502038565936181,0.0370536348374574,0.0173039763300851,0.0332116450707225,0.1025846966479665,0.1632969382325421,0.0455637174530766,0.0813857929283207,0.0000723213987905,0.0341628218031316,0.2120944577005062,0.0342816516197514,0.0435158163095571,0.0000723213987905,0.0000723213987905,0.0000846109417078,0.0000297105116025,0.0460250544384646,0.0370747641736099,0.0305339554467877,0.0436610368552936,0.0344220831053907,0.0200070883909780,0.1131532751115738,0.1612621098016883,0.0318103114946127,0.1353499894781677,0.0840983461984925,0.0001633326108913,0.0001168153894527,0.0001168153894527,0.0166670160902954,0.0000992692268651,0.0180833881171477,0.0000992692268651,0.0001378981373653,0.0001168153894527,0.0001378981373653,0.0001378981373653,0.0000992692268651,0.0001168153894527,0.0001168153894527,0.0374932071387562,0.0000992692268651,0.0306294714256214,0.0218715359954279,0.0001168153894527,0.0142768539232196,0.0001378981373653,0.0001378981373653,0.0548023079191998,0.0001378981373653,0.0001633326108913,0.0142091077528013,0.0134280277689673,0.0000846109417078,0.0000846109417078,0.0000723213987905,0.0000846109417078,0.0000846109417078,0.0000846109417078,0.0000846109417078,0.0200039749897661,0.0280821874176379,0.0264175436288416,0.0000992692268651,0.0413723118931404,0.0991288302070472,0.0446904755163980,0.0001941491940139,0.0177395766601038,0.0310637434605080,0.0000992692268651,0.0179946211429011,0.0190465200510077,0.0290633668354980,0.0375107533013438,0.0224900353461555,0.0130317089628277,0.0001168153894527,0.0001168153894527,0.1549356140894029,0.0001168153894527,0.0392650082308821,0.0001168153894527,0.0128709842024320,0.0000992692268651,0.0132638043531400,0.0442926596707882,0.0001168153894527,0.0001941491940139,0.0000992692268651,0.0290539676340272,0.0382687327883891,0.0001378981373653,0.0556015929088401,0.0001168153894527,0.0001168153894527,0.0001378981373653,0.0199297545864168,0.3068537560384956,0.0001168153894527,0.1869583693115918,0.0001168153894527,0.0562983801282263,0.0000846109417078,0.0426414538510726,0.0153505372652715,0.0264350897914292,0.0335934895653464,0.0001168153894527,0.0001168153894527,0.0001168153894527,0.0001168153894527,0.0000992692268651,0.0000992692268651,0.0161767800314003,0.0000992692268651,0.0000992692268651,0.0001168153894527,0.0001168153894527,0.0000846109417078,0.0264028853436843,0.0000846109417078,0.0000846109417078,0.0115835702404466,0.0001168153894527,0.0001168153894527,0.0220035055112330,0.0218058459175779,0.0001168153894527,0.0160028987152802,0.0177395766601038,0.0150191634398385,0.0001168153894527,0.0000723213987905,0.0001168153894527,0.0264350897914292,0.0180833881171477,0.0001168153894527,0.0001168153894527,0.0001168153894527
0.0416387493736409,0.0003339603196570,0.0329386437735954,0.0001168153894527,1.0000000000000000,0.0005993640913745,0.0141554297636705,0.0210239400871823,0.0390416407560335,0.0285991763389960,0.0480993823506678,0.0007366767613157,0.0023151642122016,0.0004905720898788,0.0003339603196570,0.0004905720898788,0.0098994730432869,0.0011357367718638,0.0141554297636705,0.0000619829849515,0.0001378981373653,0.0004037379226626,0.0000992692268651,0.0141554297636705,0.0009114006789950,0.0029984932352016,0.0210239400871823,0.0210239400871823,0.0141554297636705,0.0254077246440352,0.0210239400871823,0.0023151642122016,0.0098994730432869,0.0029984932352016,0.0011357367718638,0.0003339603196570,0.0029984932352016,0.0039354603407379,0.0029984932352016,0.0039354603407379,0.0098994730432869,0.0014266736230910,0.0141554297636705,0.0098994730432869,0.0210239400871823,0.0210239400871823,0.0396023403537232,0.0141554297636705,0.0210239400871823,0.0141554297636705,0.0141554297636705,0.0210239400871823,0.0071250659663392,0.0141554297636705,0.0335475589597619,0.0210239400871823,0.0210239400871823,0.0141554297636705,0.0141554297636705,0.0029984932352016,0.0478650886935114,0.0210239400871823,0.0419742514068315,0.0394825003096065,0.0039354603407379,0.0052462901709117,0.0141554297636705,0.0098994730432869,0.0230902797884143,0.0141554297636705,0.0210239400871823,0.0210239400871823,0.0141554297636705,0.0210239400871823,0.0210239400871823,0.0210239400871823,0.0210239400871823,0.0432383512502220,0.0282722764216157,0.0141554297636705,0.1871146832152639,0.0023151642122016,0.0210239400871823,0.0071250659663392,0.0071250659663392,0.0372481218241806,0.0210239400871823,0.0141554297636705,0.0210239400871823,0.0210239400871823,0.0210239400871823,0.0210239400871823,0.0210239400871823,0.0071250659663392,0.0210239400871823,0.0210239400871823,0.0052462901709117,0.0388108243116200,0.0347382653593435,0.0641907493376724,0.0052462901709117,0.0141554297636705,0.0210239400871823,0.0250488902659619,0.0378766718060328,0.0071250659663392,0.0141554297636705,0.0210239400871823,0.0071250659663392,0.0141554297636705,0.0210239400871823,0.0210239400871823,0.0210239400871823,0.0423574605081952,0.0210239400871823,0.0210239400871823,0.0944639277309713,0.0210239400871823,0.0210239400871823,0.0210239400871823,0.1036284521648726,0.0210239400871823,0.0264919443202808,0.0210239400871823,0.0141554297636705,0.0210239400871823,0.0443094582390225,0.0210239400871823,0.0210239400871823,0.0141554297636705,0.0141554297636705,0.0210239400871823,0.0141554297636705,0.0141554297636705,0.0562071405729057,0.0210239400871823,0.0210239400871823,0.0210239400871823,0.0409743846035159,0.0210239400871823,0.0319017583035051,0.0210239400871823,0.0210239400871823,0.0400596894264763,0.0454012198189647,0.0375246189334308,0.0210239400871823,0.0372481218241806,0.0210239400871823,0.0210239400871823,0.0141554297636705,0.0561050274266665,0.0561050274266665,0.0210239400871823,0.0210239400871823,0.0210239400871823,0.1052300919121942
0.0004037379226626,0.1066785317741755,0.0004905720898788,0.0175602502872051,0.0005993640913745,1.0000000000000000,0.0004905720898788,0.0005993640913745,0.0005993640913745,0.0003339603196570,0.0005993640913745,0.0181886853945982,0.1610349265181320,0.0140473538379216,0.0167420828009536,0.0607474976821812,0.0585952524014230,0.0483356824057348,0.1998229475818879,0.0695253381455889,0.0132386593545257,0.0197320828115863,0.0326576198353809,0.0007366767613157,0.0163971790445881,0.0213297075661629,0.0144928684828031,0.0181914325935638,0.0004905720898788,0.0004905720898788,0.0005993640913745,0.0001633326108913,0.0184924456081990,0.0169630661339742,0.0638345348215429,0.0176830535641327,0.0728881595572418,0.0570235933210289,0.0212181704780946,0.0142440794096041,0.0135320808938256,0.0223783478965727,0.0343357255021697,0.0014266736230910,0.0009114006789950,0.0009114006789950,0.0470992935815589,0.0007366767613157,0.1010290846814297,0.0007366767613157,0.0011357367718638,0.0009114006789950,0.0011357367718638,0.0011357367718638,0.0007366767613157,0.0009114006789950,0.0009114006789950,0.1067201080319392,0.0007366767613157,0.0789287317820798,0.0619913509967204,0.0009114006789950,0.0707873565028521,0.0011357367718638,0.0007366767613157,0.0231054746761985,0.0011357367718638,0.0009114006789950,0.0403483311007386,0.3086908515911044,0.0005993640913745,0.0005993640913745,0.0004905720898788,0.0005993640913745,0.0005993640913745,0.0005993640913745,0.0005993640913745,0.0559817107436060,0.0783763973171163,0.1380465128333515,0.0007366767613157,0.0170750216396067,0.0409382383908019,0.0018082570894064,0.0018082570894064,0.0502653288245343,0.0652815529824872,0.0007366767613157,0.0764412745977705,0.1113491009777907,0.0009114006789950,0.2005536536920238,0.0936197648453494,0.2972730507197586,0.0009114006789950,0.0009114006789950,0.0251795680130467,0.0009114006789950,0.0994963945729897,0.0009114006789950,0.2080357908725847,0.0007366767613157,0.1341462532171138,0.0187853550439097,0.0009114006789950,0.0018082570894064,0.0007366767613157,0.1185859160794705,0.0502575915049392,0.0011357367718638,0.0009114006789950,0.0009114006789950,0.0009114006789950,0.0011357367718638,0.1116776312663512,0.0246642950689506,0.0009114006789950,0.0442284606758128,0.0009114006789950,0.0833072869583050,0.0005993640913745,0.0178119003020545,0.0426408610943514,0.0752799497559488,0.0703421426019974,0.0009114006789950,0.0009114006789950,0.0009114006789950,0.0009114006789950,0.0007366767613157,0.0007366767613157,0.0456594978484072,0.0007366767613157,0.0007366767613157,0.0009114006789950,0.0009114006789950,0.0005993640913745,0.0749679131683283,0.0005993640913745,0.0005993640913745,0.0323438883955890,0.0005993640913745,0.0005993640913745,0.0617538957743842,0.0611711684761347,0.0005993640913745,0.0453630971537421,0.0499532922369138,0.0425208167699507,0.0005993640913745,0.0004905720898788,0.0009114006789950,0.0752799497559488,0.1007170480938092,0.0005993640913745,0.0005993640913745,0.0005993640913745
0.0141554297636705,0.0004037379226626,0.2337407393187697,0.0000723213987905,0.0141554297636705,0.0004905720898788,1.0000000000000000,0.1123136859528232,0.0329386437735954,0.0052462901709117,0.0329386437735954,0.0005993640913745,0.0018082570894064,0.0004037379226626,0.0002775401498485,0.0004037379226626,0.0141554297636705,0.0009114006789950,0.0210239400871823,0.0000532581074835,0.0001168153894527,0.0004905720898788,0.0000846109417078,0.0210239400871823,0.0011357367718638,0.0039354603407379,0.0329386437735954,0.0329386437735954,0.0210239400871823,0.0052462901709117,0.0329386437735954,0.0052462901709117,0.0141554297636705,0.0039354603407379,0.0009114006789950,0.0004037379226626,0.0071250659663392,0.0052462901709117,0.0039354603407379,0.0029984932352016,0.0141554297636705,0.0018082570894064,0.0210239400871823,0.0440566766119590,0.0329386437735954,0.0607676995880303,0.0329386437735954,0.0547353781932716,0.0329386437735954,0.1486055411495843,0.0843160847083137,0.1250879712372774,0.0098994730432869,0.0210239400871823,0.0502110826347738,0.0329386437735954,0.0329386437735954,0.0210239400871823,0.1482543548903485,0.0039354603407379,0.0329386437735954,0.0632671302028174,0.0329386437735954,0.0537895994436334,0.0052462901709117,0.0071250659663392,0.0724585521843149,0.0141554297636705,0.0210239400871823,0.0210239400871823,0.0329386437735954,0.0329386437735954,0.0210239400871823,0.0329386437735954,0.0772748836830535,0.0329386437735954,0.0329386437735954,0.0329386437735954,0.0071250659663392,0.0210239400871823,0.0210239400871823,0.0029984932352016,0.0329386437735954,0.0098994730432869,0.0098994730432869,0.0329386437735954,0.0329386437735954,0.0210239400871823,0.0329386437735954,0.0329386437735954,0.0329386437735954,0.0329386437735954,0.0329386437735954,0.0052462901709117,0.0329386437735954,0.0329386437735954,0.0071250659663392,0.0329386437735954,0.0210239400871823,0.0329386437735954,0.0071250659663392,0.0210239400871823,0.0329386437735954,0.0141554297636705,0.0329386437735954,0.0098994730432869,0.0210239400871823,0.0329386437735954,0.0098994730432869,0.1787984977645624,0.0329386437735954,0.0329386437735954,0.1402399233736330,0.0098994730432869,0.0329386437735954,0.0329386437735954,0.0329386437735954,0.0329386437735954,0.0329386437735954,0.0329386437735954,0.0329386437735954,0.0329386437735954,0.0346505026371651,0.0329386437735954,0.0210239400871823,0.0329386437735954,0.0329386437735954,0.0329386437735954,0.0329386437735954,0.0210239400871823,0.0840583506368746,0.0329386437735954,0.0561050274266665,0.0210239400871823,0.0329386437735954,0.0329386437735954,0.0329386437735954,0.0329386437735954,0.0329386437735954,0.0329386437735954,0.0329386437735954,0.0329386437735954,0.0329386437735954,0.0329386437735954,0.0329386437735954,0.0329386437735954,0.0329386437735954,0.0329386437735954,0.0329386437735954,0.0329386437735954,0.0210239400871823,0.0329386437735954,0.0329386437735954,0.0329386437735954,0.0329386437735954,0.0329386437735954,0.0329386437735954
0.0210239400871823,0.0003339603196570,0.0329386437735954,0.0000846109417078,0.0210239400871823,0.0005993640913745,0.1123136859528232,1.0000000000000000,0.0561050274266665,0.0039354603407379,0.0561050274266665,0.0007366767613157,0.0023151642122016,0.0004905720898788,0.0003339603196570,0.0004905720898788,0.0210239400871823,0.0011357367718638,0.0329386437735954,0.0000619829849515,0.0001378981373653,0.0005993640913745,0.0000992692268651,0.0329386437735954,0.0014266736230910,0.0052462901709117,0.0561050274266665,0.0561050274266665,0.0329386437735954,0.0071250659663392,0.0561050274266665,0.0039354603407379,0.0210239400871823,0.0052462901709117,0.0011357367718638,0.0003339603196570,0.0052462901709117,0.0071250659663392,0.0052462901709117,0.0039354603407379,0.0210239400871823,0.0023151642122016,0.0329386437735954,0.0210239400871823,0.0561050274266665,0.0561050274266665,0.0561050274266665,0.0329386437735954,0.0561050274266665,0.0329386437735954,0.0329386437735954,0.0561050274266665,0.0141554297636705,0.0329386437735954,0.0329386437735954,0.0561050274266665,0.0561050274266665,0.0329386437735954,0.0329386437735954,0.0052462901709117,0.0561050274266665,0.0561050274266665,0.0561050274266665,0.0329386437735954,0.0071250659663392,0.0098994730432869,0.0329386437735954,0.0210239400871823,0.0141554297636705,0.0329386437735954,0.0561050274266665,0.0561050274266665,0.0329386437735954,0.0561050274266665,0.0561050274266665,0.0561050274266665,0.0561050274266665,0.0561050274266665,0.0098994730432869,0.0329386437735954,0.0329386437735954,0.0039354603407379,0.0561050274266665,0.0141554297636705,0.0141554297636705,0.0561050274266665,0.0561050274266665,0.0329386437735954,0.0561050274266665,0.0561050274266665,0.0561050274266665,0.0561050274266665,0.0561050274266665,0.0071250659663392,0.0561050274266665,0.0561050274266665,0.0098994730432869,0.0561050274266665,0.0329386437735954,0.0561050274266665,0.0098994730432869,0.0329386437735954,0.0561050274266665,0.0210239400871823,0.0561050274266665,0.0141554297636705,0.0329386437735954,0.0561050274266665,0.0141554297636705,0.0329386437735954,0.0561050274266665,0.0561050274266665,0.0561050274266665,0.0141554297636705,0.0561050274266665,0.0561050274266665,0.0561050274266665,0.0561050274266665,0.0561050274266665,0.0561050274266665,0.0561050274266665,0.0561050274266665,0.0210239400871823,0.0561050274266665,0.0329386437735954,0.0561050274266665,0.0561050274266665,0.0561050274266665,0.0561050274266665,0.1073242860241381,0.0329386437735954,0.0561050274266665,0.0329386437735954,0.0329386437735954,0.0561050274266665,0.0561050274266665,0.0561050274266665,0.0561050274266665,0.0561050274266665,0.0561050274266665,0.0561050274266665,0.0561050274266665,0.0561050274266665,0.0561050274266665,0.0561050274266665,0.0561050274266665,0.0561050274266665,0.0561050274266665,0.0561050274266665,0.0561050274266665,0.0329386437735954,0.0561050274266665,0.0561050274266665,0.0561050274266665,0.0561050274266665,0.0561050274266665,0.0561050274266665
0.0210239400871823,0.0003339603196570,0.0329386437735954,0.0000846109417078,0.0390416407560335,0.0005993640913745,0.0329386437735954,0.0561050274266665,1.0000000000000000,0.0935573468694517,0.0707052370438278,0.0007366767613157,0.0023151642122016,0.0004905720898788,0.0003339603196570,0.0004905720898788,0.0210239400871823,0.0011357367718638,0.0329386437735954,0.0000619829849515,0.0001378981373653,0.0005993640913745,0.0000992692268651,0.0329386437735954,0.0014266736230910,0.0052462901709117,0.0561050274266665,0.0561050274266665,0.0329386437735954,0.1587334864498365,0.0561050274266665,0.0039354603407379,0.0210239400871823,0.0052462901709117,0.0011357367718638,0.0003339603196570,0.0052462901709117,0.0071250659663392,0.0052462901709117,0.0039354603407379,0.0210239400871823,0.0023151642122016,0.0329386437735954,0.0210239400871823,0.0561050274266665,0.0561050274266665,0.0561050274266665,0.0329386437735954,0.0561050274266665,0.0329386437735954,0.0329386437735954,0.0561050274266665,0.0141554297636705,0.0329386437735954,0.0822222583087315,0.0561050274266665,0.0561050274266665,0.0329386437735954,0.0329386437735954,0.0052462901709117,0.1671530096711276,0.0561050274266665,0.0671742234279605,0.1000802552775688,0.0071250659663392,0.0098994730432869,0.0329386437735954,0.0210239400871823,0.0141554297636705,0.0329386437735954,0.0561050274266665,0.0561050274266665,0.0329386437735954,0.0561050274266665,0.0826840475040776,0.0561050274266665,0.0561050274266665,0.0561050274266665,0.0098994730432869,0.0329386437735954,0.0329386437735954,0.0039354603407379,0.0561050274266665,0.0141554297636705,0.0141554297636705,0.0561050274266665,0.0561050274266665,0.0799033709810955,0.0561050274266665,0.0561050274266665,0.0761336630846566,0.0561050274266665,0.0561050274266665,0.0071250659663392,0.0858843814557422,0.0561050274266665,0.0098994730432869,0.0561050274266665,0.0449058583301814,0.1009936508147516,0.0098994730432869,0.0329386437735954,0.0561050274266665,0.0619051891715880,0.1157910902467986,0.0141554297636705,0.0715965897110718,0.0561050274266665,0.0496065153287434,0.0329386437735954,0.0561050274266665,0.0561050274266665,0.0738435195496337,0.1157081504515871,0.0561050274266665,0.0561050274266665,0.0561050274266665,0.0561050274266665,0.0561050274266665,0.0561050274266665,0.0561050274266665,0.0561050274266665,0.0210239400871823,0.0561050274266665,0.0329386437735954,0.0561050274266665,0.1576124192346482,0.0561050274266665,0.0809298639353382,0.0329386437735954,0.0329386437735954,0.0561050274266665,0.0329386437735954,0.0329386437735954,0.0561050274266665,0.0561050274266665,0.0561050274266665,0.0561050274266665,0.1241045111759992,0.0561050274266665,0.0561050274266665,0.0692004173741104,0.0561050274266665,0.0561050274266665,0.0561050274266665,0.0561050274266665,0.0561050274266665,0.0561050274266665,0.0561050274266665,0.0561050274266665,0.0740032233950168,0.0561050274266665,0.0561050274266665,0.0561050274266665,0.0561050274266665,0.0808689337472213,0.0561050274266665
0.0023151642122016,0.0001941491940139,0.0029984932352016,0.0000396028404027,0.0285991763389960,0.0003339603196570,0.0052462901709117,0.0039354603407379,0.0935573468694517,1.0000000000000000,0.0297851981776561,0.0005993640913745,0.0007366767613157,0.0002775401498485,0.0001378981373653,0.0004037379226626,0.0023151642122016,0.0004037379226626,0.0029984932352016,0.0000532581074835,0.0000846109417078,0.0004905720898788,0.0000846109417078,0.0052462901709117,0.0007366767613157,0.0023151642122016,0.0071250659663392,0.0071250659663392,0.0029984932352016,0.1801407409953163,0.1001246481579641,0.0442447952165213,0.0023151642122016,0.0009114006789950,0.0002775401498485,0.0001941491940139,0.0014266736230910,0.0011357367718638,0.0014266736230910,0.0007366767613157,0.0023151642122016,0.0004905720898788,0.0029984932352016,0.0039354603407379,0.0071250659663392,0.0071250659663392,0.0071250659663392,0.0052462901709117,0.0071250659663392,0.0052462901709117,0.0052462901709117,0.0071250659663392,0.0029984932352016,0.0052462901709117,0.0747576660760496,0.0071250659663392,0.0071250659663392,0.0052462901709117,0.0098994730432869,0.0014266736230910,0.0618714239089747,0.0071250659663392,0.0249414110553095,0.0980307718330145,0.0018082570894064,0.0023151642122016,0.0052462901709117,0.0039354603407379,0.0029984932352016,0.0029984932352016,0.0039354603407379,0.0039354603407379,0.0442447952165213,0.0451817623220577,0.0039354603407379,0.0638868065653734,0.0345822305460662,0.0039354603407379,0.0014266736230910,0.0029984932352016,0.0029984932352016,0.0007366767613157,0.0039354603407379,0.0018082570894064,0.0018082570894064,0.0039354603407379,0.0039354603407379,0.0029984932352016,0.0039354603407379,0.0039354603407379,0.0039354603407379,0.0039354603407379,0.0039354603407379,0.0011357367718638,0.0039354603407379,0.0039354603407379,0.0014266736230910,0.0039354603407379,0.0209261619723180,0.0400339720450737,0.0014266736230910,0.0029984932352016,0.0039354603407379,0.0583360105352627,0.0189656801513912,0.0018082570894064,0.0029984932352016,0.0039354603407379,0.0018082570894064,0.0029984932352016,0.0039354603407379,0.0039354603407379,0.0039354603407379,0.1393218097708590,0.0039354603407379,0.0039354603407379,0.0039354603407379,0.0039354603407379,0.0039354603407379,0.0039354603407379,0.0039354603407379,0.0039354603407379,0.0023151642122016,0.0039354603407379,0.0029984932352016,0.0039354603407379,0.0863606563982112,0.0039354603407379,0.0039354603407379,0.0029984932352016,0.0052462901709117,0.0039354603407379,0.0593614978729090,0.0029984932352016,0.0039354603407379,0.0039354603407379,0.0039354603407379,0.0039354603407379,0.0213813258340189,0.0039354603407379,0.0039354603407379,0.0039354603407379,0.0039354603407379,0.0039354603407379,0.0039354603407379,0.0039354603407379,0.0039354603407379,0.0039354603407379,0.0039354603407379,0.0039354603407379,0.0029984932352016,0.0039354603407379,0.0039354603407379,0.0039354603407379,0.0039354603407379,0.0039354603407379,0.0039354603407379
0.0210239400871823,0.0003339603196570,0.0329386437735954,0.0000846109417078,0.0480993823506678,0.0005993640913745,0.0329386437735954,0.0561050274266665,0.0707052370438278,0.0297851981776561,1.0000000000000000,0.0011357367718638,0.0023151642122016,0.0004905720898788,0.0003339603196570,0.0004905720898788,0.0210239400871823,0.0011357367718638,0.0329386437735954,0.0000619829849515,0.0001378981373653,0.0005993640913745,0.0000992692268651,0.0329386437735954,0.0014266736230910,0.0052462901709117,0.0561050274266665,0.0561050274266665,0.0329386437735954,0.0226150672950878,0.0561050274266665,0.0039354603407379,0.0210239400871823,0.0052462901709117,0.0011357367718638,0.0003339603196570,0.0052462901709117,0.0071250659663392,0.0052462901709117,0.0039354603407379,0.0210239400871823,0.0023151642122016,0.0329386437735954,0.0210239400871823,0.0561050274266665,0.0561050274266665,0.0561050274266665,0.0329386437735954,0.0561050274266665,0.0329386437735954,0.0329386437735954,0.0561050274266665,0.0141554297636705,0.0329386437735954,0.0480696808517933,0.0561050274266665,0.0561050274266665,0.0329386437735954,0.0329386437735954,0.0052462901709117,0.0801439090306401,0.0561050274266665,0.0959830079691514,0.0538700527750750,0.0071250659663392,0.0098994730432869,0.0329386437735954,0.0210239400871823,0.0141554297636705,0.0329386437735954,0.1365476498360405,0.0851294426070202,0.0329386437735954,0.0561050274266665,0.0734718072650015,0.0561050274266665,0.0561050274266665,0.0561050274266665,0.0098994730432869,0.0329386437735954,0.0329386437735954,0.0039354603407379,0.0561050274266665,0.0141554297636705,0.0585251255278659,0.0561050274266665,0.0561050274266665,0.0329386437735954,0.0561050274266665,0.0561050274266665,0.0561050274266665,0.0561050274266665,0.0561050274266665,0.0071250659663392,0.0561050274266665,0.0561050274266665,0.0098994730432869,0.0561050274266665,0.0497323373186338,0.0958531281460828,0.0098994730432869,0.0329386437735954,0.0561050274266665,0.0326886659038766,0.0697186539976454,0.0141554297636705,0.0578664996554388,0.0561050274266665,0.0141554297636705,0.0329386437735954,0.0561050274266665,0.0561050274266665,0.0561050274266665,0.0461601302246668,0.0561050274266665,0.0561050274266665,0.0904722845322835,0.0561050274266665,0.0561050274266665,0.0561050274266665,0.0561050274266665,0.0561050274266665,0.0210239400871823,0.0561050274266665,0.0329386437735954,0.0561050274266665,0.1092668161733919,0.0561050274266665,0.0561050274266665,0.0329386437735954,0.0329386437735954,0.0561050274266665,0.0329386437735954,0.0329386437735954,0.0561050274266665,0.0561050274266665,0.0561050274266665,0.0561050274266665,0.0723548289438065,0.0561050274266665,0.0561050274266665,0.0561050274266665,0.0561050274266665,0.0561050274266665,0.0561050274266665,0.0561050274266665,0.0561050274266665,0.0561050274266665,0.0561050274266665,0.0561050274266665,0.0329386437735954,0.0561050274266665,0.0561050274266665,0.0561050274266665,0.0561050274266665,0.0561050274266665,0.0561050274266665
0.0004905720898788,0.0738279094391112,0.0009114006789950,0.0442645720052881,0.0007366767613157,0.0181886853945982,0.0005993640913745,0.0007366767613157,0.0007366767613157,0.0005993640913745,0.0011357367718638,1.0000000000000000,0.0224729072478351,0.0378123414836299,0.1082214066492330,0.0369810122115190,0.1013017684085790,0.0177713679664066,0.0358848589643898,0.0406523787878908,0.0346899704448436,0.0460401535770941,0.0735301419599368,0.0009114006789950,0.1539302554932657,0.0523818131720804,0.0377740327256092,0.0450613320182767,0.0005993640913745,0.0004037379226626,0.0007366767613157,0.0001941491940139,0.1772773661257735,0.1631332112527070,0.0833039968094073,0.0781946938722726,0.0373692635351934,0.0197686662282781,0.0457388687750374,0.0367535606077091,0.0366221053378347,0.1332971169213459,0.0759215750915158,0.0011357367718638,0.0011357367718638,0.0011357367718638,0.0178415683650688,0.0009114006789950,0.0189366880569285,0.0009114006789950,0.0014266736230910,0.0011357367718638,0.0478992430171216,0.0973389369848329,0.0009114006789950,0.0011357367718638,0.0011357367718638,0.0329594623176730,0.0009114006789950,0.0350798957966853,0.0221092526019101,0.0011357367718638,0.0160024638022394,0.0009114006789950,0.0375414325403157,0.1389943486323704,0.0014266736230910,0.0007366767613157,0.0154626959144313,0.0156105288394109,0.0007366767613157,0.0007366767613157,0.0005993640913745,0.0007366767613157,0.0186104294954285,0.0007366767613157,0.0007366767613157,0.0201039146509313,0.0264469508490652,0.0249009179504802,0.0009114006789950,0.1079970705563643,0.0859928909266532,0.0009114006789950,0.0014266736230910,0.0186745795364360,0.0892579715835043,0.0009114006789950,0.0302581782112840,0.0316759513255194,0.0011357367718638,0.0331837984105418,0.0359687792903615,0.0161366025254892,0.0011357367718638,0.0862264591160733,0.0581686094980478,0.0011357367718638,0.0413625812711719,0.0011357367718638,0.0145581150746033,0.0009114006789950,0.0152796213901225,0.1167919259849796,0.0011357367718638,0.0213425416500694,0.0009114006789950,0.0444653893566854,0.0838738309349481,0.0289715677844345,0.0011357367718638,0.0011357367718638,0.0011357367718638,0.0014266736230910,0.0199059788982194,0.0574960891805052,0.0011357367718638,0.0170601485471428,0.0011357367718638,0.0550308123511534,0.0334723499673434,0.1902102197304638,0.0166677179229584,0.0251252540433490,0.3229176366212152,0.0011357367718638,0.0011357367718638,0.0011357367718638,0.0011357367718638,0.0009114006789950,0.0232014688755100,0.0170538030370927,0.0005993640913745,0.0005993640913745,0.0007366767613157,0.0007366767613157,0.0007366767613157,0.0247261940328009,0.0007366767613157,0.0007366767613157,0.0137206924693954,0.0011357367718638,0.0608480453602607,0.0219883214675563,0.0218418361396267,0.0011357367718638,0.0173635179906914,0.0186745795364360,0.0162233660928974,0.0007366767613157,0.0005993640913745,0.0323627544196745,0.0251252540433490,0.0189366880569285,0.0011357367718638,0.0788336637868175,0.0249975062454589
0.0014266736230910,0.1041009318920153,0.0018082570894064,0.0213601369072796,0.0023151642122016,0.1610349265181321,0.0018082570894064,0.0023151642122016,0.0023151642122016,0.0007366767613157,0.0023151642122016,0.0224729072478351,1.0000000000000000,0.0206896934828935,0.0221945162741034,0.0421889398506343,0.0443531602172793,0.0613092475936221,0.1185002622420753,0.0459300459193942,0.0167896422305851,0.0246817676783825,0.0355513480925796,0.0018082570894064,0.0201340457272004,0.0269847762557702,0.0196703424633365,0.0232684264831936,0.0018082570894064,0.0011357367718638,0.0023151642122016,0.0004905720898788,0.0224826088398149,0.0225649434845707,0.0427489091959419,0.0223793064290524,0.0482601353659875,0.0686495490072203,0.0248918593253550,0.0217712572412233,0.0206896934828935,0.0267757150453654,0.0383197535671799,0.0039354603407379,0.0039354603407379,0.0039354603407379,0.0599083616298422,0.0029984932352016,0.0646326249677499,0.0029984932352016,0.0052462901709117,0.0039354603407379,0.0029984932352016,0.0052462901709117,0.0029984932352016,0.0039354603407379,0.0039354603407379,0.1166748734955871,0.0029984932352016,0.0516595287875940,0.0716464771457172,0.0039354603407379,0.0825088207338891,0.0029984932352016,0.0018082570894064,0.0289162406714291,0.0052462901709117,0.0023151642122016,0.0514447864261937,0.1282061153239718,0.0023151642122016,0.0023151642122016,0.0018082570894064,0.0023151642122016,0.0023151642122016,0.0023151642122016,0.0023151642122016,0.0662697529464106,0.0868834827216617,0.1452540370599715,0.0029984932352016,0.0216876091513082,0.0468676995577305,0.0029984932352016,0.0052462901709117,0.0634879937698621,0.0455709219977945,0.0029984932352016,0.0880276036081773,0.0885996448328724,0.0039354603407379,0.2037061330276946,0.1037989573510469,0.1268850835168019,0.0039354603407379,0.0039354603407379,0.0343376863129670,0.0039354603407379,0.1071886142676477,0.0039354603407379,0.1239539575580917,0.0029984932352016,0.2047903814041830,0.0241834909243346,0.0039354603407379,0.0098994730432869,0.0029984932352016,0.1268523039508241,0.0587052171989198,0.0052462901709117,0.0039354603407379,0.0039354603407379,0.0039354603407379,0.0052462901709117,0.0691564561300155,0.0311480806873658,0.0039354603407379,0.0566358437836223,0.0039354603407379,0.0592380511171624,0.0023151642122016,0.0244568012297642,0.0512121629219259,0.0881186433550209,0.0458611665744223,0.0039354603407379,0.0039354603407379,0.0039354603407379,0.0039354603407379,0.0029984932352016,0.0029984932352016,0.0566496660535439,0.0018082570894064,0.0018082570894064,0.0023151642122016,0.0023151642122016,0.0023151642122016,0.0864983472264845,0.0023151642122016,0.0023151642122016,0.0431699573046766,0.0023151642122016,0.0023151642122016,0.0725059302020285,0.0718793088471367,0.0023151642122016,0.0586814682668692,0.0618676976413257,0.0553524303167679,0.0023151642122016,0.0018082570894064,0.0039354603407379,0.0881186433550209,0.0646326249677499,0.0039354603407379,0.0023151642122016,0.0023151642122016
