1.0000000000000000,0.0194967803221948,0.0305528262617510,0.0033121074921967,0.0170316758077336,0.0611747705900116,0.0317686817076306,0.0430454093878417,0.0452016073016886,0.0020842687543112,0.0739204945383378,0.0660062423461466,0.0374343280268729,0.0655857289178866,0.0622112403957054,0.0457275031877412,0.0526324596180591,0.0427512034019815,0.0369725656060578,0.0000916643678672,0.0110549031337481,0.0000314080987768,0.0310863535240032,0.0161929312460628,0.0285653003144976,0.0761386336435250,0.0302288893152729,0.0678141112153357,0.0722498005122542,0.0518726468586308,0.0045198320510725,0.0045198320510725,0.0696921235692397,0.0347368929376057,0.0673817775351802,0.0656529331782928,0.0627308628661926,0.0655920730616309,0.0696921235692397,0.0373674180893193,0.0139073173752191,0.0388269201149181,0.0193057852628797,0.0001647120858099,0.0710234697275269,0.0549244596804983,0.0519795340455281,0.0003091573807215,0.0609162814992640,0.0700935041552145,0.0295761592016749,0.0262717014697197,0.0760364710680300,0.0720763961192475,0.0161726497799397,0.0770363086623721,0.0528444857433960,0.0867131234924896,0.0202528394034224,0.0695787435152862,0.0003091573807215,0.0051979113060751,0.0003091573807215,0.0939366335584619,0.0702015125856095,0.0323540400921267,0.0036946695832765,0.0395076098717850,0.0244444545026781,0.0003091573807215,0.0450947861801785,0.0599275514998364,0.0397921175247396,0.0710399523469067,0.0172592966766964,0.0003091573807215,0.0729689151304656,0.0721071937085505,0.0630401598665529,0.0624747591110795,0.0750855183356357,0.0336849272790326
0.0194967803221948,1.0000000000000000,0.0030888578492562,0.0085633810083280,0.0056268773076023,0.0362211970639977,0.0242842283441235,0.0187668318240032,0.0386520959788373,0.0006131169580251,0.0377082569332848,0.0666677084989517,0.0283328472847920,0.0436251448951523,0.0141777304079113,0.0798392774297773,0.0218094202263308,0.0788489453684269,0.0156106718362167,0.0013075561287015,0.0030888578492562,0.0003091573807215,0.0326749711012717,0.0172020233661296,0.0247252107661900,0.0618055722984088,0.0488588032066015,0.0304597917936975,0.0092332745969782,0.0308508598468357,0.0013075561287015,0.0013075561287015,0.0085633810083280,0.0051428539551664,0.0565222979895092,0.0329532019380285,0.0309657919125001,0.0427072880744064,0.0085633810083280,0.0211952384653229,0.0196778643209431,0.0169707296310275,0.0881767157226909,0.0030888578492562,0.0137084703642524,0.0275076194797694,0.0277779559976869,0.0085633810083280,0.0155337429664247,0.0240260719047042,0.0508147184853771,0.1722778931646436,0.0515790952750524,0.0135911028845884,0.0375613251633523,0.0381648295989211,0.0013075561287015,0.0242657202182567,0.0172030388290631,0.0255009023425238,0.0085633810083280,0.0030888578492562,0.0085633810083280,0.0319196650595403,0.0157326729985840,0.0224499519947356,0.0085633810083280,0.0566936946110365,0.0262180045186641,0.0085633810083280,0.0188556036171219,0.0438844780013806,0.0453509790204705,0.0221946988175565,0.0088486297297463,0.0085633810083280,0.0420797474481643,0.0229386125387072,0.0366020817747698,0.0221185295572240,0.0369144947545798,0.0085633810083280
0.0305528262617510,0.0030888578492562,1.0000000000000000,0.0030888578492562,0.0006131169580251,0.0000075756857142,0.0013075561287015,0.0006131169580251,0.0000048953448038,0.0003091573807215,0.0006131169580251,0.0000916643678672,0.0006131169580251,0.0000048953448038,0.0000048953448038,0.0001647120858099,0.0081990186142613,0.0000528622345672,0.0000528622345672,0.0006131169580251,0.0123916161060660,0.0001647120858099,0.0006131169580251,0.0030888578492562,0.0030888578492562,0.0030888578492562,0.0086043417655993,0.0018369843446295,0.0006131169580251,0.0043732524432033,0.0006131169580251,0.0006131169580251,0.0030888578492562,0.0243820440666293,0.0001647120858099,0.0000528622345672,0.0000000020612021,0.0023076715971210,0.0030888578492562,0.0003091573807215,0.0013075561287015,0.0001647120858099,0.0030888578492562,0.0013075561287015,0.0006131169580251,0.0055735741528106,0.0010003074630472,0.0030888578492562,0.0383690185435222,0.0003091573807215,0.0003091573807215,0.0013075561287015,0.0013075561287015,0.0006131169580251,0.0030888578492562,0.0006131169580251,0.0154902454081337,0.0000314080987768,0.0030888578492562,0.0000528622345672,0.0030888578492562,0.0013075561287015,0.0030888578492562,0.0001647120858099,0.0071924166139717,0.0013075561287015,0.0030888578492562,0.0006131169580251,0.0013075561287015,0.0030888578492562,0.0000916643678672,0.0000032122170343,0.0006131169580251,0.0003091573807215,0.0013075561287015,0.0030888578492562,0.0000003297003004,0.0000001194728576,0.0006131169580251,0.0001647120858099,0.0000048953448038,0.0030888578492562
0.0033121074921967,0.0085633810083280,0.0030888578492562,1.0000000000000000,0.0255380539630251,0.0000119263035161,0.0030888578492562,0.0013075561287015,0.0069015669571538,0.0309348010547246,0.0013075561287015,0.0001647120858099,0.0013075561287015,0.0000075756857142,0.0000075756857142,0.0003091573807215,0.0049910490154983,0.0000916643678672,0.0000916643678672,0.0013075561287015,0.0580548346899905,0.0003091573807215,0.0013075561287015,0.0085633810083280,0.0085633810083280,0.0085633810083280,0.0195167293609683,0.0000000460483203,0.0013075561287015,0.0047340416725601,0.0504123970656650,0.0504123970656650,0.0085633810083280,0.0006131169580251,0.0003091573807215,0.0000916643678672,0.0032103538687363,0.0000119263035161,0.0175722313427536,0.0077033340710397,0.0149058863709472,0.0081366119153049,0.0085633810083280,0.0030888578492562,0.0013075561287015,0.0036604189122610,0.0050381783198600,0.0278923539770662,0.0081665862383366,0.0006131169580251,0.0006131169580251,0.0030888578492562,0.0030888578492562,0.0013075561287015,0.0085633810083280,0.0013075561287015,0.0183074270660346,0.0000528622345672,0.0085633810083280,0.0000916643678672,0.0085633810083280,0.0369397647452284,0.0085633810083280,0.0003091573807215,0.0004365381090185,0.0030888578492562,0.0085633810083280,0.0013075561287015,0.0329628200254942,0.0085633810083280,0.0129678387327691,0.0000048953448038,0.0013075561287015,0.0006131169580251,0.0167770510563967,0.0085633810083280,0.0076489113580254,0.0000001663362232,0.0115737010340568,0.0062176716415670,0.0019124915565261,0.0085633810083280
0.0170316758077336,0.0056268773076023,0.0006131169580251,0.0255380539630251,1.0000000000000000,0.0222275162473073,0.0169027416522467,0.0167515471504891,0.0703730564687974,0.0363939968463474,0.0388644116747508,0.0303995160276792,0.0196132753681479,0.0249081654784318,0.0493058555270892,0.0280996909759985,0.0345496796356160,0.0503998270406476,0.0255160400871099,0.0140579247078281,0.0413529950407041,0.0146567935314447,0.0074467505380691,0.1085633810083280,0.0195402505958421,0.0196418904660096,0.0208263993011696,0.0395033946533159,0.0246853558586686,0.0291350995187190,0.0880616129580974,0.0880616129580974,0.0013075561287015,0.0179493683717504,0.0283379042115916,0.0227448462628913,0.0377190380146453,0.0247901939978118,0.0113619182104221,0.0228241170987479,0.0172680103267399,0.0227168889988232,0.0063469918876098,0.0161883837265532,0.0777126719248843,0.0381487202230328,0.0353084202181233,0.0075395200991623,0.0469445650953470,0.0152305334507408,0.0245247933820172,0.0055549070834514,0.0178516118366466,0.0278952181564658,0.0264488290405173,0.0187738366449265,0.0045709517560300,0.0270910116038439,0.0206720604064407,0.0260934710505380,0.0104650640940316,0.0407138660080406,0.0013075561287015,0.0249795701030436,0.0372727279659917,0.0167479414648958,0.0013075561287015,0.0221762580776399,0.0934526803057879,0.0013075561287015,0.0626533927951843,0.0266607173772743,0.0187049753112573,0.0337004736083066,0.0161047203802165,0.0116191316240314,0.0419893020756133,0.0391109511534891,0.0159061341203435,0.0169752827232848,0.0499336008217075,0.0013075561287015
0.0611747705900116,0.0362211970639977,0.0000075756857142,0.0000119263035161,0.0222275162473073,1.0000000000000000,0.0608614729151041,0.0873907969404815,0.0963973542007901,0.0000032122170343,0.0742991461011538,0.1224237784159127,0.0868938740791184,0.1282771570896287,0.1391412910161709,0.0562781020679208,0.0909166731558576,0.0778380806578039,0.0947651472555372,0.0000048953448038,0.0010852462005215,0.0000021371287871,0.0258213421893654,0.0259383173564369,0.0329888415153267,0.0446559319713434,0.0277592720598186,0.1110857367606930,0.1013868868600974,0.0939620654181704,0.0000048953448038,0.0000048953448038,0.0000119263035161,0.0602938588636584,0.0940379568620650,0.1151552097227220,0.1283123475759219,0.1200671453934640,0.0000119263035161,0.0656936353809061,0.0303509108848182,0.0907443478461602,0.0497874815006686,0.0025277991072450,0.0676988581285335,0.1100112489872791,0.1054516321245915,0.0000119263035161,0.0440663035392806,0.1325403993154572,0.0355355629345113,0.0353664813744022,0.0445042274213459,0.0874867554382697,0.0557984829430201,0.0965231288381067,0.0000048953448038,0.1370436696855673,0.0228114114375680,0.1407823666600977,0.0027421683435078,0.0034041264211198,0.0000119263035161,0.0964802213287437,0.1009265738096731,0.0411437938099014,0.0000119263035161,0.0893321607109069,0.0578140674808367,0.0000119263035161,0.1203251681318653,0.1521764001940553,0.0475282558434103,0.0942840422813083,0.0210532542709929,0.0000119263035161,0.1409134404933246,0.1431331956956171,0.0685503474125714,0.0849272280849717,0.1105637484876250,0.0000119263035161
0.0317686817076306,0.0242842283441235,0.0013075561287015,0.0030888578492562,0.0169027416522467,0.0608614729151041,1.0000000000000000,0.1987700308000660,0.0531783113342150,0.0003091573807215,0.0506879486508387,0.0341184559237511,0.0339328667209141,0.0580160313550791,0.0587641923885347,0.0843161584956282,0.0351421293693853,0.0295149303526191,0.1016051780001435,0.0006131169580251,0.0013075561287015,0.0001647120858099,0.0295033694963028,0.0302382323396255,0.1709595776064901,0.0633344444658948,0.0250917698126378,0.0438593009254301,0.0325872341977769,0.0345814016679885,0.0006131169580251,0.0006131169580251,0.0030888578492562,0.0202502382076324,0.0794838023101551,0.0731367075633137,0.0532963592003516,0.0579446807662322,0.0030888578492562,0.0294199197120385,0.0238651931246984,0.0755537056026483,0.0280830182290380,0.0013075561287015,0.1016503172357284,0.0415267443499941,0.0420329249369630,0.0030888578492562,0.0229757048092731,0.0353300869588241,0.0268306791786509,0.0220605508037546,0.0560672223294010,0.1020105307277901,0.0309868559873074,0.0504494783543293,0.0006131169580251,0.0729889219117795,0.0329056485420926,0.0446511195058728,0.0030888578492562,0.0013075561287015,0.0339075188801214,0.0470920297147479,0.0409969903953211,0.1450605796088617,0.0030888578492562,0.0293612843091007,0.0239297005443973,0.0030888578492562,0.0702804341227156,0.0541251495121578,0.0411561162983652,0.0332420044434046,0.0318490735336660,0.0030888578492562,0.0587948598386213,0.0631817097917903,0.0505652045039397,0.0294201838313387,0.0563937067299580,0.0030888578492562
0.0430454093878417,0.0187668318240032,0.0006131169580251,0.0013075561287015,0.0167515471504891,0.0873907969404815,0.1987700308000660,1.0000000000000000,0.0588221515055767,0.0001647120858099,0.0546557847752693,0.0758350274531304,0.0408824509477506,0.0898678617714851,0.0781132191594041,0.0811281131102983,0.0445853553442678,0.0634524674384253,0.1291002450557293,0.0003091573807215,0.0006131169580251,0.0000916643678672,0.0262540170054263,0.0259711407833528,0.1205603678304651,0.0562858449381230,0.0216031917500276,0.0573483832101514,0.0960890714716302,0.0454282990932268,0.0003091573807215,0.0003091573807215,0.0013075561287015,0.0194089475617869,0.0846212786647166,0.0789790664247211,0.0685505276819186,0.0881398004264458,0.0013075561287015,0.0306280503279859,0.0216075889282336,0.1130053636791484,0.0220597970971965,0.0006131169580251,0.1038424677519367,0.0540119655775751,0.0543250995350156,0.0013075561287015,0.0242184785670107,0.0509919101449902,0.0245697989026417,0.0184657109573886,0.0522561289961388,0.1041426456619881,0.0256449939868057,0.1043375806074905,0.0003091573807215,0.1037034837205778,0.0276197132337193,0.0793426528465721,0.0013075561287015,0.0006131169580251,0.0244215519018504,0.0565952647296331,0.0591929792570055,0.1187140300883426,0.0013075561287015,0.0865748511223816,0.0264265912320476,0.0013075561287015,0.1062682039892753,0.0777522231406451,0.0365075048197236,0.0522009569559983,0.0282059821503093,0.0013075561287015,0.0814280736844441,0.0851045099882669,0.0486545306810305,0.0411323995816501,0.0608664093831641,0.0013075561287015
0.0452016073016886,0.0386520959788373,0.0000048953448038,0.0069015669571537,0.0703730564687974,0.0963973542007901,0.0531783113342150,0.0588221515055767,1.0000000000000000,0.0153683866699989,0.0760135231629394,0.0984237542890282,0.0599929465461509,0.1132591993869634,0.1309083439290099,0.0784502481135317,0.0876102970301205,0.0778967611620718,0.0535759277956285,0.0055027191478769,0.0139346096658201,0.0068556182419601,0.0177531796178205,0.0495559613007227,0.0548704449669847,0.0411011231391793,0.0241543286095233,0.1014153088765644,0.0431414814765444,0.0833631095445189,0.0339538606770954,0.0339538606770954,0.0000075756857142,0.0512263806659640,0.0790679390711065,0.0577613915079539,0.1068989946922142,0.0892990063135924,0.0020294227723907,0.0321570553034937,0.0494653075448925,0.0609244332042252,0.0204165396018271,0.0055674906192781,0.0887701150905169,0.1006714863051828,0.0905492352342026,0.0000075756857142,0.0567845149135069,0.0898239918180065,0.0535672646695008,0.0373000855024234,0.0409479272442518,0.0673797115117482,0.0290707449327499,0.0499142565065473,0.0011662699165864,0.0891268440882185,0.0216393183543130,0.0896552609338701,0.0028252704442774,0.0131835664176309,0.0071195743851447,0.0527464210286577,0.0868315662294733,0.0527852521164890,0.0021561276943993,0.0456670380620053,0.0544999759702172,0.0000075756857142,0.1229981366937134,0.1253351851213104,0.0282411408799190,0.0770859265224149,0.0224283490757419,0.0031803681458157,0.1124341815267724,0.1103455925927808,0.0449931122171017,0.0384339636763541,0.1033111359088417,0.0000075756857142
0.0020842687543112,0.0006131169580251,0.0003091573807215,0.0309348010547246,0.0363939968463474,0.0000032122170343,0.0003091573807215,0.0001647120858099,0.0153683866699989,1.0000000000000000,0.0001647120858099,0.0000314080987768,0.0001647120858099,0.0000021371287871,0.0000021371287871,0.0000528622345672,0.0078253909187270,0.0000191420084535,0.0000191420084535,0.0991983441587800,0.0777141510834851,0.1378634006883853,0.0001647120858099,0.0006131169580251,0.0006131169580251,0.0006131169580251,0.0085995567603777,0.0000000186891867,0.0001647120858099,0.0054281117478952,0.1431918795191241,0.1431918795191241,0.0006131169580251,0.0000916643678672,0.0000528622345672,0.0000191420084535,0.0043748797081785,0.0000032122170343,0.0042696486935643,0.0048038014543573,0.0065920068293749,0.0053714856551871,0.0006131169580251,0.0856069785932429,0.0001647120858099,0.0041845014749679,0.0157202434691033,0.0087365725050545,0.0555075243064511,0.0000916643678672,0.0000916643678672,0.0003091573807215,0.0003091573807215,0.0001647120858099,0.0006131169580251,0.0001647120858099,0.0080326961355767,0.0000119263035161,0.0006131169580251,0.0000191420084535,0.0006131169580251,0.0266682583613243,0.0006131169580251,0.0000528622345672,0.0004296334069971,0.0003091573807215,0.0006131169580251,0.0001647120858099,0.0412858228239528,0.0006131169580251,0.0246174073647155,0.0000014398120414,0.0001647120858099,0.0000916643678672,0.0074363993264683,0.1042481648067060,0.0188595699295747,0.0000000628854995,0.0062737766107358,0.0042414285336695,0.0018005963719092,0.0006131169580251
0.0739204945383378,0.0377082569332848,0.0006131169580251,0.0013075561287015,0.0388644116747508,0.0742991461011538,0.0506879486508387,0.0546557847752693,0.0760135231629394,0.0001647120858099,1.0000000000000000,0.0545773290935428,0.1196708552681138,0.0570831577214018,0.0829127933464409,0.0636733459945430,0.0511085182987554,0.0579109001075759,0.0563608465510889,0.0003091573807215,0.0043104900587279,0.0000916643678672,0.0422926900375989,0.0591404375697454,0.0509783633071963,0.1269002304911964,0.0382676737798485,0.0623244504924832,0.0587778862922081,0.0525196619949217,0.0003091573807215,0.0003091573807215,0.0013075561287015,0.0303357028411418,0.0601108295948240,0.0650144462446353,0.0722331129987555,0.0644028754987794,0.0013075561287015,0.0621216078013393,0.0288249944384731,0.0521601833723421,0.0347991619357562,0.0083042473517211,0.0762185600037625,0.0602105267564635,0.0579515882840664,0.0013075561287015,0.0576931980274766,0.0963013131656156,0.0437702994777560,0.0399442007930119,0.1089730861305054,0.0631913843858335,0.0511220831687375,0.1059984706730443,0.0003091573807215,0.0841031082865718,0.0661797658452263,0.1218814946666053,0.0109214691208215,0.0104749961043998,0.0013075561287015,0.1069699044707846,0.0647690526589705,0.0515074503891332,0.0013075561287015,0.0524552694587604,0.0403039167836040,0.0013075561287015,0.0824240119030554,0.0760170425217746,0.0605499442416237,0.1636490597386737,0.0525108847312450,0.0013075561287015,0.0740810002545630,0.0875958999042748,0.0970687412648553,0.0537538916894963,0.0951153662079540,0.0013075561287015
0.0660062423461466,0.0666677084989517,0.0000916643678672,0.0001647120858099,0.0303995160276792,0.1224237784159127,0.0341184559237511,0.0758350274531304,0.0984237542890282,0.0000314080987768,0.0545773290935428,1.0000000000000000,0.0538509732839101,0.1491367289345210,0.1213020972357690,0.0741217478867550,0.0642692192495024,0.1306303000760985,0.0652961721405376,0.0000528622345672,0.0000916643678672,0.0000191420084535,0.0229887982675584,0.0391818383912397,0.0345864092969803,0.0476223465928307,0.0263769938303122,0.1120837465431636,0.1184062168493827,0.0794874031179998,0.0000528622345672,0.0000528622345672,0.0001647120858099,0.0671142735585113,0.1178220168103401,0.0925797732078685,0.1040797538339267,0.1138556095670647,0.0001647120858099,0.0511570484846810,0.0414588088265803,0.0927366304281802,0.0313225125059594,0.0000916643678672,0.0873154431857997,0.0962282414635292,0.0919223153437519,0.0001647120858099,0.0369808249159179,0.1161178347283013,0.0583719655965770,0.0605826533752461,0.0464903857736637,0.0902342235115601,0.0308968401676277,0.0931736079187110,0.0000528622345672,0.1318501197476927,0.0263522370207060,0.1081262668569959,0.0001647120858099,0.0000916643678672,0.0001647120858099,0.1094541750737624,0.0933843614538936,0.0334306022927306,0.0001647120858099,0.1044824148668742,0.0385600726045753,0.0001647120858099,0.1016528143685746,0.1315500586278354,0.0705630340280929,0.0800520100493464,0.0230057486859013,0.0001647120858099,0.1130862583896720,0.1168772006874931,0.0495788475314856,0.0812523975418635,0.0951489963242843,0.0001647120858099
0.0374343280268729,0.0283328472847920,0.0006131169580251,0.0013075561287015,0.0196132753681479,0.0868938740791184,0.0339328667209141,0.0408824509477506,0.0599929465461509,0.0001647120858099,0.1196708552681138,0.0538509732839101,1.0000000000000000,0.0665437155087615,0.1030428468376364,0.0440308889860390,0.0458624037848318,0.0459141304464953,0.0982799224404954,0.0003091573807215,0.0006131169580251,0.0000916643678672,0.0236979804600310,0.0302637331098410,0.0384890890857708,0.0448325973546752,0.0191842362440318,0.0619581666592218,0.0605637620064621,0.0478637717567844,0.0003091573807215,0.0003091573807215,0.0013075561287015,0.0227388258976561,0.0532830590665220,0.0916834728462566,0.0705695107524350,0.0848530118216529,0.0013075561287015,0.1328217288506519,0.0274030974135676,0.0839329547181708,0.0203239836266372,0.0006131169580251,0.0537241439253357,0.0576639946109592,0.0558113947119652,0.0013075561287015,0.0520715019352811,0.1345018011442329,0.0244939204350106,0.0251202776838998,0.0417006021841198,0.0583812829728498,0.0525509205508368,0.1045240451985131,0.0003091573807215,0.0809497724645454,0.1177303823786990,0.1391683139271468,0.0013075561287015,0.0006131169580251,0.0013075561287015,0.1354111265773337,0.0620051838654629,0.0333869354773855,0.0013075561287015,0.0461885267976493,0.1005606501396279,0.0013075561287015,0.1069490290033565,0.0970273273941237,0.0505028399240875,0.1343475514503216,0.0904224589455530,0.0013075561287015,0.0843531960498097,0.0891408154795223,0.0955943157903241,0.0816970401551825,0.0696643038304664,0.0013075561287015
0.0655857289178866,0.0436251448951523,0.0000048953448038,0.0000075756857142,0.0249081654784318,0.1282771570896287,0.0580160313550791,0.0898678617714851,0.1132591993869634,0.0000021371287871,0.0570831577214018,0.1491367289345210,0.0665437155087615,1.0000000000000000,0.1428214029299873,0.1052181497399522,0.0883405655081989,0.1133087741083668,0.0957919496026393,0.0000032122170343,0.0000048953448038,0.0000014398120414,0.0286236793095206,0.0287440602180960,0.0591383912932417,0.0516823744972199,0.0245330329112584,0.1247296316332065,0.0857279809676024,0.0914679611752399,0.0000032122170343,0.0000032122170343,0.0000075756857142,0.0536356781520228,0.0973279057376212,0.1071593341689727,0.1311949257268623,0.1174846896995716,0.0000075756857142,0.0572288592758930,0.0226182245711618,0.1065897670026622,0.0247640070976182,0.0000048953448038,0.0918941526312959,0.1138732686583050,0.1147304693879562,0.0000075756857142,0.0558936099220085,0.1161008460410941,0.0598510808811017,0.0450131121241872,0.0511663820096150,0.0880347374228797,0.0301658783365920,0.1051398692299911,0.0000032122170343,0.1403827215570982,0.0219936709295128,0.1163915690486833,0.0000075756857142,0.0000048953448038,0.0071195743851447,0.0952248337238118,0.0974227266530647,0.0574115904657560,0.0000075756857142,0.0766762327539645,0.0572582187891666,0.0000075756857142,0.1282253543842354,0.1470247533463536,0.0496807264722354,0.0678714489515935,0.0227573907527132,0.0000075756857142,0.1225106858261129,0.1393767092180035,0.0737164647571950,0.0994423881734012,0.1169611127375065,0.0000075756857142
0.0622112403957054,0.0141777304079113,0.0000048953448038,0.0000075756857142,0.0493058555270892,0.1391412910161709,0.0587641923885347,0.0781132191594041,0.1309083439290099,0.0000021371287871,0.0829127933464409,0.1213020972357690,0.1030428468376364,0.1428214029299873,1.0000000000000000,0.0657461929325529,0.0942208334507414,0.0762995348515111,0.1013458586894791,0.0000032122170343,0.0012815919686690,0.0000014398120414,0.0176235872314870,0.0569017725946554,0.0619159964856914,0.0479723661755475,0.0149248384334008,0.1306927554430805,0.0996886449627316,0.0925337216323407,0.0000032122170343,0.0000032122170343,0.0000075756857142,0.0741971764283438,0.1069480045512556,0.0920469427164918,0.1316575005226730,0.1045204810714188,0.0000075756857142,0.0819760454801360,0.0324409092458688,0.1045521162587172,0.0129765973060359,0.0026213261920410,0.1126056570320148,0.1190038994758646,0.1099787636286930,0.0000075756857142,0.0575281060311243,0.1305794928424484,0.0476583965324693,0.0142013642262444,0.0467820051729760,0.1116273864705975,0.0306935795096924,0.0879990202756178,0.0000032122170343,0.1492536904792319,0.0534371343128004,0.1533734959071341,0.0028252704442774,0.0033611697975271,0.0071195743851447,0.1114066204225179,0.1241165758747830,0.0585869729080716,0.0000075756857142,0.0773426821855388,0.0510056014761930,0.0000075756857142,0.1351499778450857,0.1684213544511335,0.0397241620023204,0.1007797496084484,0.0519511832676489,0.0000075756857142,0.1432312019688735,0.1541120775353734,0.0699953031410080,0.0797802570294528,0.1388786502107648,0.0000075756857142
0.0457275031877412,0.0798392774297773,0.0001647120858099,0.0003091573807215,0.0280996909759985,0.0562781020679208,0.0843161584956282,0.0811281131102983,0.0784502481135317,0.0000528622345672,0.0636733459945430,0.0741217478867550,0.0440308889860390,0.1052181497399522,0.0657461929325529,1.0000000000000000,0.0498989399228134,0.0843393246168187,0.0642073225928415,0.0000916643678672,0.0048773702374992,0.0000314080987768,0.0414206585679007,0.0376531928582298,0.0917098995859658,0.0617646212038253,0.0347669986605389,0.0738842255760726,0.0410463581905014,0.0579878511963543,0.0000916643678672,0.0000916643678672,0.0003091573807215,0.0218423097501864,0.0996204191103614,0.0719992602639848,0.0767777906054770,0.0845350094690025,0.0003091573807215,0.0403077218696741,0.0251869108516784,0.0734509160391237,0.0403758854503986,0.0064648903752461,0.0877894251849357,0.0631731755802687,0.0725359909138378,0.0003091573807215,0.0337039570655570,0.0478233575556083,0.0721713355383301,0.0789145664028933,0.0591963137567251,0.0844989018632718,0.0390038916766055,0.0621772554797060,0.0000916643678672,0.0779637095543276,0.0284693653284351,0.0559386091484020,0.0076593653850637,0.0082327917038109,0.0157184878961541,0.0592001612072237,0.0683817397280604,0.0831072767169819,0.0003091573807215,0.0562891799625789,0.0361169115712259,0.0212237508747032,0.0715814482187586,0.0817824858816669,0.0591633112122186,0.0482049266476480,0.0289757042611858,0.0003091573807215,0.0729173710721888,0.0855009302357706,0.0597614835106311,0.0810516770456959,0.0800680980649963,0.0003091573807215
0.0526324596180591,0.0218094202263308,0.0081990186142613,0.0049910490154983,0.0345496796356160,0.0909166731558576,0.0351421293693853,0.0445853553442678,0.0876102970301205,0.0078253909187270,0.0511085182987554,0.0642692192495024,0.0458624037848318,0.0883405655081989,0.0942208334507414,0.0498989399228134,1.0000000000000000,0.0651198957662834,0.0598579592697918,0.0017933177613511,0.0118825880459466,0.0024275217050588,0.0272684276938956,0.0240637794290211,0.0257358664857270,0.0347835218632664,0.0387776957261931,0.1255462321327500,0.0419126435085819,0.1255503118294771,0.0142997344616505,0.0142997344616505,0.0004367186582801,0.0593635271330640,0.0545846429217221,0.0625330364329896,0.1229209435862232,0.0950861969393826,0.0018660711474259,0.0474608427503844,0.0187962232666241,0.0503959416453077,0.0214518102147088,0.0143987312355138,0.0480842329170854,0.1290556105676015,0.1360535192053084,0.0010244596594169,0.0766556766396691,0.0538905480885895,0.0378539145004741,0.0274541929909130,0.0385212066931459,0.0460323491645070,0.0227058734181962,0.0516761150991167,0.0024793959261399,0.0787091246442884,0.0204221533915808,0.0796087074432825,0.0137885593227963,0.0197355261669695,0.0021012728010341,0.0610087119869020,0.1143668463686725,0.0291381818701033,0.0013109505628583,0.0412473561905407,0.0365962283060735,0.0043200777758590,0.0706024951056221,0.0995867479852668,0.0367568618948553,0.0472147685961318,0.0209840434902875,0.0009374164121415,0.1072828312862069,0.1131122310135372,0.0432790662232334,0.0543129575433204,0.0889348596042767,0.0013448038506850
0.0427512034019815,0.0788489453684269,0.0000528622345672,0.0000916643678672,0.0503998270406476,0.0778380806578039,0.0295149303526191,0.0634524674384253,0.0778967611620718,0.0000191420084535,0.0579109001075759,0.1306303000760985,0.0459141304464953,0.1133087741083668,0.0762995348515111,0.0843393246168187,0.0651198957662834,1.0000000000000000,0.0586451311003530,0.0000314080987768,0.0040357242340861,0.0000119263035161,0.0804979391810397,0.0631943607216970,0.0281410832071115,0.0457303649999800,0.0316999387647288,0.0960231835112789,0.0791711790239659,0.0780250779737023,0.0000314080987768,0.0000314080987768,0.0022386556605897,0.0383027318367032,0.0923650196419459,0.0658585070861144,0.0903926193565727,0.0945410912348259,0.0020873160956266,0.0506438855491301,0.0398442507936933,0.0823102007507898,0.0370648433099805,0.0041228657747139,0.0745848436077633,0.0856896319728998,0.0858301132635331,0.0000916643678672,0.0517822634779505,0.0492000141709742,0.0591589310733370,0.1126700588171286,0.0592266574535284,0.0535002082560800,0.0330815820983560,0.0840380279470924,0.0017490011329547,0.0944001292327563,0.0221915619078158,0.0767651998336061,0.0046704183505323,0.0052737336054702,0.0000916643678672,0.0814544802592055,0.0908363565239631,0.0282200603187201,0.0000916643678672,0.0995206504579476,0.0368906817874197,0.0031862184102489,0.0636387996350876,0.0891072251876694,0.0885316638249139,0.0555079463173027,0.0196972156034104,0.0000916643678672,0.1037606245970357,0.0900640151740490,0.0478954112167790,0.0592204576551032,0.0868223604785249,0.0074221340555025
0.0369725656060578,0.0156106718362167,0.0000528622345672,0.0000916643678672,0.0255160400871099,0.0947651472555372,0.1016051780001435,0.1291002450557293,0.0535759277956285,0.0000191420084535,0.0563608465510889,0.0652961721405376,0.0982799224404954,0.0957919496026393,0.1013458586894791,0.0642073225928415,0.0598579592697918,0.0586451311003530,1.0000000000000000,0.0000314080987768,0.0049954278278313,0.0000119263035161,0.0201316888500552,0.0200781006033398,0.0659065861150110,0.0389307920765794,0.0162838928705029,0.0820655735247119,0.0689418634373004,0.0630611119541159,0.0000314080987768,0.0000314080987768,0.0000916643678672,0.0202249552823729,0.0679986070957891,0.0965068626854925,0.0898140507889641,0.0979605428207919,0.0000916643678672,0.0902825184337915,0.0201510012387450,0.1107281542202374,0.0146306060130840,0.0064099234894035,0.0709797245230067,0.0726034911566931,0.0745402439566275,0.0076658537736353,0.0474023698157846,0.0686910081728594,0.0216860291966430,0.0160059652303901,0.0388322985259649,0.0737740079515151,0.0268262927036371,0.1032802035184510,0.0000314080987768,0.1076451956996823,0.0608530239694080,0.1103837350915841,0.0072433582795580,0.0081728344698702,0.0116486622544417,0.1015595748634933,0.0785689764035712,0.0729333058392766,0.0028590817621604,0.0624837992263011,0.0569657999618294,0.0000916643678672,0.1054055333913281,0.1003321979975057,0.0374091139892247,0.0559885158914531,0.0576165598914590,0.0000916643678672,0.1005180420535117,0.1052193085382610,0.0702519197985087,0.0615943597694197,0.0789521116427287,0.0000916643678672
0.0000916643678672,0.0013075561287015,0.0006131169580251,0.0013075561287015,0.0140579247078281,0.0000048953448038,0.0006131169580251,0.0003091573807215,0.0055027191478769,0.0991983441587800,0.0003091573807215,0.0000528622345672,0.0003091573807215,0.0000032122170343,0.0000032122170343,0.0000916643678672,0.0017933177613511,0.0000314080987768,0.0000314080987768,1.0000000000000000,0.0115303225406100,0.1189684320381235,0.0003091573807215,0.0013075561287015,0.0013075561287015,0.0013075561287015,0.0006131169580251,0.0000000251107703,0.0003091573807215,0.0000000000128979,0.0866325495009051,0.0866325495009051,0.0013075561287015,0.0001647120858099,0.0000916643678672,0.0000314080987768,0.0000000015916285,0.0000048953448038,0.0013075561287015,0.0001647120858099,0.0006131169580251,0.0000916643678672,0.0013075561287015,0.0986249183021223,0.0003091573807215,0.0000000002243907,0.0046343605503222,0.0013075561287015,0.0433516153779103,0.0001647120858099,0.0001647120858099,0.0006131169580251,0.0006131169580251,0.0003091573807215,0.0013075561287015,0.0003091573807215,0.0003091573807215,0.0000191420084535,0.0013075561287015,0.0000314080987768,0.0013075561287015,0.0006131169580251,0.0013075561287015,0.0000916643678672,0.0000000139778820,0.0006131169580251,0.0013075561287015,0.0003091573807215,0.0171116377505530,0.0013075561287015,0.0092187071193049,0.0000021371287871,0.0003091573807215,0.0001647120858099,0.0006131169580251,0.1279834565744107,0.0023735388342743,0.0000000864004235,0.0003091573807215,0.0000916643678672,0.0000032122170343,0.0013075561287015
0.0110549031337481,0.0030888578492562,0.0123916161060660,0.0580548346899905,0.0413529950407041,0.0010852462005215,0.0013075561287015,0.0006131169580251,0.0139346096658201,0.0777141510834851,0.0043104900587279,0.0000916643678672,0.0006131169580251,0.0000048953448038,0.0012815919686690,0.0048773702374992,0.0118825880459466,0.0040357242340861,0.0049954278278313,0.0115303225406100,1.0000000000000000,0.0110698964502472,0.0152391750994488,0.0090467754272938,0.0030888578492562,0.0030888578492562,0.0156715356613192,0.0038766823396737,0.0006131169580251,0.0135328534051329,0.1065242107339072,0.1065242107339072,0.0030888578492562,0.0119293636141688,0.0001647120858099,0.0023054249488886,0.0060978696094915,0.0020958550585083,0.0091830774084882,0.0110842639469700,0.0148227101581228,0.0253324275578316,0.0030888578492562,0.0140042431775127,0.0041878675048477,0.0076852705882279,0.0136748617792284,0.0759466857332880,0.0252924895066727,0.0003091573807215,0.0003091573807215,0.0080347765358549,0.0113332458924877,0.0006131169580251,0.0077587634134209,0.0006131169580251,0.0327075823692622,0.0000314080987768,0.0030888578492562,0.0000528622345672,0.0109201025955171,0.0491239437304192,0.0030888578492562,0.0001647120858099,0.0066391718276024,0.0013075561287015,0.0030888578492562,0.0006131169580251,0.0455931180687301,0.0091730666333198,0.0222344453378816,0.0000032122170343,0.0086336687690541,0.0033903016313071,0.0218470027967685,0.0121865291680770,0.0196841911487204,0.0012172003393554,0.0170446742924787,0.0088777114466651,0.0075582717946313,0.0030888578492562
0.0000314080987768,0.0003091573807215,0.0001647120858099,0.0003091573807215,0.0146567935314447,0.0000021371287871,0.0001647120858099,0.0000916643678672,0.0068556182419601,0.1378634006883853,0.0000916643678672,0.0000191420084535,0.0000916643678672,0.0000014398120414,0.0000014398120414,0.0000314080987768,0.0024275217050588,0.0000119263035161,0.0000119263035161,0.1189684320381235,0.0110698964502472,1.0000000000000000,0.0000916643678672,0.0003091573807215,0.0003091573807215,0.0003091573807215,0.0001647120858099,0.0000000139778820,0.0000916643678672,0.0000000000085530,0.0720272930424019,0.0720272930424019,0.0003091573807215,0.0000528622345672,0.0000314080987768,0.0000119263035161,0.0000000009583454,0.0000021371287871,0.0003091573807215,0.0000528622345672,0.0001647120858099,0.0000314080987768,0.0003091573807215,0.0755253083131670,0.0000916643678672,0.0000000001412168,0.0061254116246880,0.0003091573807215,0.0429938548738850,0.0000528622345672,0.0000528622345672,0.0001647120858099,0.0001647120858099,0.0000916643678672,0.0003091573807215,0.0000916643678672,0.0000916643678672,0.0000075756857142,0.0003091573807215,0.0000119263035161,0.0003091573807215,0.0001647120858099,0.0003091573807215,0.0000314080987768,0.0000000079269423,0.0001647120858099,0.0003091573807215,0.0000916643678672,0.0168105739870413,0.0003091573807215,0.0106119632183280,0.0000009811961337,0.0000916643678672,0.0000528622345672,0.0001647120858099,0.0887051127097003,0.0030535710949000,0.0000000460483203,0.0000916643678672,0.0000314080987768,0.0000014398120414,0.0003091573807215
0.0310863535240032,0.0326749711012717,0.0006131169580251,0.0013075561287015,0.0074467505380691,0.0258213421893654,0.0295033694963028,0.0262540170054263,0.0177531796178205,0.0001647120858099,0.0422926900375989,0.0229887982675584,0.0236979804600310,0.0286236793095205,0.0176235872314870,0.0414206585679007,0.0272684276938956,0.0804979391810397,0.0201316888500552,0.0003091573807215,0.0152391750994488,0.0000916643678672,1.0000000000000000,0.0120139458647229,0.0197143246339339,0.0540714198299020,0.0362388463286733,0.0431612918402603,0.0118999115593745,0.0224328350128674,0.0003091573807215,0.0003091573807215,0.0119157663078557,0.0079971381579009,0.0209433939742665,0.0306439334093039,0.0244446767803466,0.0199586770253752,0.0118365058145168,0.0261571298668470,0.0246478621139472,0.0181821210323149,0.0369547132019115,0.0006131169580251,0.0170559905978498,0.0224318276503426,0.0259338828033875,0.0013075561287015,0.0590803758062106,0.0222805219816501,0.0459099096176155,0.1440183525419391,0.1431934317257350,0.0171287088726139,0.0233281534306504,0.0425775925620917,0.0073812975001576,0.0311518718440679,0.0125643644279322,0.0323113964437885,0.0013075561287015,0.0006131169580251,0.0013075561287015,0.0374246956171188,0.0469488885775840,0.0278917363464433,0.0013075561287015,0.0216815482554055,0.0203952057383164,0.0161675683408401,0.0193121559850763,0.0220373005988302,0.1310705941844384,0.0203579083610466,0.0096185635974097,0.0013075561287015,0.0247287750183136,0.0272739628738991,0.0407079433859516,0.0386531553552147,0.0274692063617089,0.0317822686809702
0.0161929312460628,0.0172020233661296,0.0030888578492562,0.0085633810083280,0.1085633810083280,0.0259383173564369,0.0302382323396255,0.0259711407833528,0.0495559613007227,0.0006131169580251,0.0591404375697454,0.0391818383912397,0.0302637331098410,0.0287440602180960,0.0569017725946554,0.0376531928582298,0.0240637794290211,0.0631943607216970,0.0200781006033398,0.0013075561287015,0.0090467754272938,0.0003091573807215,0.0120139458647229,1.0000000000000000,0.0450287699426092,0.0452320496829442,0.0110853636064180,0.0407862869108189,0.0378718538456221,0.0263167178454114,0.0013075561287015,0.0013075561287015,0.0085633810083280,0.0255116357583418,0.0379708105056872,0.0284834620730105,0.0344656502682473,0.0289281080653588,0.0085633810083280,0.0323362839761383,0.0308470134637808,0.0304761235553295,0.0186422525261448,0.0152988684696965,0.1231710547026022,0.0352818403279855,0.0307741119971369,0.0085633810083280,0.0137482037522988,0.0217052668689283,0.0347172307727152,0.0113251747249668,0.0318196826469586,0.0426866472923180,0.0588459268319597,0.0290045750250089,0.0013075561287015,0.0331407028511554,0.0472923895638065,0.0326692430575688,0.0268783969389884,0.0187514719619651,0.0085633810083280,0.0334930316942900,0.0397575957605565,0.0299802320273740,0.0085633810083280,0.0341082071740791,0.0165852065749228,0.0085633810083280,0.0217458635541972,0.0304718442002177,0.0289012830245052,0.0475631830895205,0.0289081968862419,0.0085633810083280,0.0362640978739377,0.0425120523277634,0.0247030212381345,0.0228206485212783,0.0576260940884457,0.0085633810083280
0.0285653003144976,0.0247252107661900,0.0030888578492562,0.0085633810083280,0.0195402505958421,0.0329888415153267,0.1709595776064901,0.1205603678304651,0.0548704449669847,0.0006131169580251,0.0509783633071963,0.0345864092969803,0.0384890890857708,0.0591383912932417,0.0619159964856914,0.0917098995859658,0.0257358664857270,0.0281410832071115,0.0659065861150110,0.0013075561287015,0.0030888578492562,0.0003091573807215,0.0197143246339339,0.0450287699426092,1.0000000000000000,0.0730862960582416,0.0180574262585923,0.0419609027293710,0.0391539506770877,0.0268289225073876,0.0013075561287015,0.0013075561287015,0.0085633810083280,0.0229365487450696,0.0898447308707063,0.0330879862305382,0.0389385950807688,0.0301229740735883,0.0085633810083280,0.0306363056905335,0.0249828304021320,0.0857594733830673,0.0261720748947893,0.0030888578492562,0.1278024851176056,0.0328633507687269,0.0330639235539913,0.0085633810083280,0.0199270600134526,0.0390637090545147,0.0217254491287069,0.0187095953383663,0.0531707857886087,0.1282527519826827,0.0426894139119858,0.0506802754365596,0.0013075561287015,0.0754182282734804,0.0490468832557881,0.0438033375793250,0.0085633810083280,0.0030888578492562,0.0547913725546258,0.0464425396561344,0.0389017929318379,0.1708064655279675,0.0085633810083280,0.0320248280643258,0.0272941780747948,0.0085633810083280,0.0780270593794230,0.0546153693695678,0.0290624838152126,0.0370272370809970,0.0409830918613461,0.0085633810083280,0.0415939403085730,0.0480286508446128,0.0508249331235726,0.0284477212648172,0.0565051170695049,0.0085633810083280
