1.0000000000000000,0.0004452804262094,0.0439181916981272,0.0001128145889437,0.0383393247594724,0.0005383172302168,0.0188739063515606,0.0280319201162431,0.0280319201162431,0.0030868856162687,0.0280319201162431,0.0006540961198383,0.0019022314974547,0.0004452804262094,0.0003088782565338,0.0004452804262094,0.0131992973910491,0.0009822356817543,0.0188739063515606,0.0000611634679053,0.0001323589691534,0.0005383172302168,0.0000964285317207,0.0188739063515606,0.0012152009053266,0.0039979909802688,0.0280319201162431,0.0280319201162431,0.0188739063515606,0.0052472804543173,0.0280319201162431,0.0030868856162687,0.0131992973910491,0.0039979909802688,0.0009822356817543,0.0003088782565338,0.0039979909802688,0.0052472804543173,0.0039979909802688,0.0030868856162687,0.0131992973910491,0.0019022314974547,0.0188739063515606,0.0131992973910491,0.0280319201162431,0.0280319201162431,0.0376397205219514,0.0188739063515606,0.0280319201162431,0.0188739063515606,0.0188739063515606,0.0280319201162431,0.0095000879551189,0.0188739063515606,0.0188739063515606,0.0280319201162431,0.0280319201162431,0.0188739063515606,0.0188739063515606,0.0039979909802688,0.0280319201162431,0.0280319201162431,0.0280319201162431,0.0188739063515606,0.0052472804543173,0.0069950535612156,0.0188739063515606,0.0131992973910491,0.0180880531260088,0.0188739063515606,0.0280319201162431,0.0280319201162431,0.0188739063515606,0.0280319201162431,0.0280319201162431,0.0280319201162431,0.0280319201162431,0.0390962415000333,0.0183853306421840,0.0188739063515606,0.0461692722898340,0.0030868856162687,0.0280319201162431,0.0095000879551189,0.0095000879551189,0.0367297033058665,0.0280319201162431,0.0188739063515606,0.0280319201162431,0.0280319201162431,0.0280319201162431,0.0280319201162431,0.0280319201162431,0.0052472804543173,0.0280319201162431,0.0280319201162431,0.0069950535612156,0.0518432555711579,0.0188739063515606,0.0280319201162431,0.0069950535612156,0.0188739063515606,0.0280319201162431,0.0131992973910491,0.0280319201162431,0.0095000879551189,0.0188739063515606,0.0280319201162431,0.0095000879551189,0.0188739063515606,0.0280319201162431,0.0280319201162431,0.0280319201162431,0.0095000879551189,0.0280319201162431,0.0280319201162431,0.0415491633655085,0.0280319201162431,0.0280319201162431,0.0280319201162431,0.0429062351673614,0.0280319201162431,0.0218765230466286,0.0280319201162431,0.0188739063515606,0.0280319201162431,0.0280319201162431,0.0280319201162431,0.0280319201162431,0.0439181916981272,0.0188739063515606,0.0280319201162431,0.0188739063515606,0.0188739063515606,0.0445519524876212,0.0280319201162431,0.0280319201162431,0.0280319201162431,0.0748067032355553,0.0280319201162431,0.0476246946714277,0.0280319201162431,0.0280319201162431,0.0378279167932564,0.0399551622039628,0.0367608176496604,0.0280319201162431,0.0367297033058665,0.0280319201162431,0.0280319201162431,0.0188739063515606,0.0280319201162431,0.0280319201162431,0.0280319201162431,0.0280319201162431,0.0280319201162431,0.0431373843992159
0.0004452804262094,1.0000000000000000,0.0007991521218326,0.0492953433454749,0.0004452804262094,0.0535010568820994,0.0005383172302168,0.0004452804262094,0.0004452804262094,0.0002588655920186,0.0004452804262094,0.0373227647944546,0.0525499360221531,0.0492029767714872,0.0460743154901349,0.0347718773707142,0.0388015527618628,0.0521362101762978,0.0333390868616319,0.0422714453308410,0.0395464489209018,0.0522884025023840,0.0647067792330673,0.0003700535331313,0.0440756395775858,0.0455506675801731,0.0445888630338986,0.0494187819884645,0.0003700535331313,0.0002588655920186,0.0004452804262094,0.0001838641831537,0.0396748971068070,0.0504112985951597,0.0378913660025176,0.0499559372091336,0.0451092348673317,0.0677134096633398,0.0499687007706954,0.0479538665339982,0.0488748372095712,0.0479332845098098,0.0690755675107277,0.0006540961198383,0.0006540961198383,0.0006540961198383,0.0503246526107343,0.0005383172302168,0.0574014772917838,0.0005383172302168,0.0007991521218326,0.0006540961198383,0.0007991521218326,0.0007991521218326,0.0005383172302168,0.0006540961198383,0.0006540961198383,0.0923146133858375,0.0007991521218326,0.0404073671270204,0.0394807408375892,0.0006540961198383,0.0517313361067333,0.0007991521218326,0.0007991521218326,0.0519389717212505,0.0007991521218326,0.0006540961198383,0.0514226694897320,0.0469023442923297,0.0004452804262094,0.0004452804262094,0.0003700535331313,0.0004452804262094,0.0004452804262094,0.0004452804262094,0.0004452804262094,0.0483006323248664,0.0567278395946104,0.0764795679059369,0.0005383172302168,0.0458912319302132,0.0924303922754591,0.0007991521218326,0.0012152009053266,0.0556234866918788,0.0386362477694166,0.0005383172302168,0.0569465238844352,0.0449892071290708,0.0006540961198383,0.0924303922754591,0.0580994215934622,0.0544702940783736,0.0006540961198383,0.0006540961198383,0.0588507168977229,0.0006540961198383,0.0460587553017828,0.0006540961198383,0.0543252380763793,0.0005383172302168,0.0571650248113907,0.0378834221720454,0.0006540961198383,0.0007991521218326,0.0005383172302168,0.0596984062258595,0.0389268061556825,0.0007991521218326,0.0006540961198383,0.0006540961198383,0.0006540961198383,0.0007991521218326,0.0676203728593324,0.0585225773358069,0.0006540961198383,0.0458272098164480,0.0006540961198383,0.0534226098073553,0.0004452804262094,0.0480387115275823,0.0334493910473824,0.0765953467955585,0.0341277644895552,0.0006540961198383,0.0006540961198383,0.0006540961198383,0.0006540961198383,0.0005383172302168,0.0007991521218326,0.0480321971942291,0.0007991521218326,0.0005383172302168,0.0006540961198383,0.0006540961198383,0.0004452804262094,0.0763865311019295,0.0004452804262094,0.0004452804262094,0.0375923985377890,0.0006540961198383,0.0006540961198383,0.0560936560203660,0.0552904694057921,0.0006540961198383,0.0627158154317141,0.0556234866918788,0.0562337188677700,0.0004452804262094,0.0005383172302168,0.0004452804262094,0.0763865311019295,0.0574014772917838,0.0006540961198383,0.0006540961198383,0.0006540961198383
0.0439181916981272,0.0007991521218326,1.0000000000000000,0.0001838641831537,0.0439181916981272,0.0006540961198383,0.1343903197320368,0.0439181916981272,0.0439181916981272,0.0039979909802688,0.0439181916981272,0.0012152009053266,0.0024110094525418,0.0007991521218326,0.0005383172302168,0.0005383172302168,0.0188739063515606,0.0012152009053266,0.0280319201162431,0.0000964285317207,0.0002177768145217,0.0006540961198383,0.0001557538526036,0.0280319201162431,0.0024110094525418,0.0095000879551189,0.0439181916981272,0.0439181916981272,0.0280319201162431,0.0069950535612156,0.0439181916981272,0.0039979909802688,0.0188739063515606,0.0052472804543173,0.0019022314974547,0.0005383172302168,0.0052472804543173,0.0069950535612156,0.0052472804543173,0.0039979909802688,0.0188739063515606,0.0039979909802688,0.0748067032355553,0.0378446451103495,0.0439181916981272,0.0616566324108828,0.0439181916981272,0.0484842482255632,0.0439181916981272,0.0928225725565517,0.0687140962111034,0.0996800421451384,0.0131992973910491,0.0280319201162431,0.0458876888441262,0.0672975164465420,0.0439181916981272,0.0280319201162431,0.0837937705632543,0.0052472804543173,0.0439181916981272,0.0624330870569187,0.0439181916981272,0.0479451123605250,0.0131992973910491,0.0188739063515606,0.0573055327490240,0.0188739063515606,0.0131992973910491,0.0280319201162431,0.0439181916981272,0.0439181916981272,0.0280319201162431,0.0439181916981272,0.0728925310270628,0.0439181916981272,0.0439181916981272,0.0439181916981272,0.0188739063515606,0.0280319201162431,0.0280319201162431,0.0069950535612156,0.0439181916981272,0.0131992973910491,0.0131992973910491,0.0439181916981272,0.0439181916981272,0.0280319201162431,0.0439181916981272,0.0439181916981272,0.0439181916981272,0.0439181916981272,0.0439181916981272,0.0069950535612156,0.0439181916981272,0.0439181916981272,0.0095000879551189,0.0439181916981272,0.0280319201162431,0.0439181916981272,0.0095000879551189,0.0381884567239080,0.0439181916981272,0.0188739063515606,0.0439181916981272,0.0131992973910491,0.0280319201162431,0.0439181916981272,0.0131992973910491,0.0766267141772425,0.0439181916981272,0.0439181916981272,0.1059047012863333,0.0131992973910491,0.0439181916981272,0.0439181916981272,0.0439181916981272,0.0439181916981272,0.0439181916981272,0.0439181916981272,0.0439181916981272,0.0439181916981272,0.0566614989846408,0.0439181916981272,0.0280319201162431,0.0439181916981272,0.0439181916981272,0.0439181916981272,0.0439181916981272,0.0280319201162431,0.0451720985847085,0.0439181916981272,0.0280319201162431,0.0280319201162431,0.0525251586107845,0.0439181916981272,0.0439181916981272,0.0439181916981272,0.0439181916981272,0.0439181916981272,0.1497515812704310,0.1497515812704310,0.1497515812704310,0.1497515812704310,0.1497515812704310,0.1497515812704310,0.1497515812704310,0.1497515812704310,0.0439181916981272,0.0439181916981272,0.0280319201162431,0.0439181916981272,0.0439181916981272,0.0439181916981272,0.0439181916981272,0.0439181916981272,0.0439181916981272
0.0001128145889437,0.0492953433454749,0.0001838641831537,1.0000000000000000,0.0001557538526036,0.0090114086018096,0.0000964285317207,0.0001128145889437,0.0001128145889437,0.0000528037872036,0.0001128145889437,0.0224105862690249,0.0110165167225253,0.0173378051376791,0.0230000908021050,0.0753802285631899,0.0186241635766060,0.0089302884314234,0.0167207376498323,0.0519062456250797,0.0819849173851565,0.0232813288026837,0.0410293447330458,0.0000964285317207,0.0174178591704513,0.1062402777605868,0.0172113349279655,0.0218284172728684,0.0000964285317207,0.0000964285317207,0.0001128145889437,0.0000396140154701,0.0231098733771095,0.0188156823531858,0.0156757877982928,0.0220235673379804,0.0174040904630290,0.0101653351905006,0.0567696864661205,0.0809675031697296,0.0160412662563824,0.0680114430079693,0.0421318974549671,0.0002177768145217,0.0001557538526036,0.0001557538526036,0.0084308542030250,0.0001323589691534,0.0091390402164511,0.0001323589691534,0.0001838641831537,0.0001557538526036,0.0001838641831537,0.0001838641831537,0.0001323589691534,0.0001557538526036,0.0001557538526036,0.0188293279250990,0.0001323589691534,0.0155930359791916,0.0110331141555912,0.0001557538526036,0.0072357731194870,0.0001838641831537,0.0001838641831537,0.0275942028699335,0.0001838641831537,0.0002177768145217,0.0071489356326369,0.0067967382402045,0.0001128145889437,0.0001128145889437,0.0000964285317207,0.0001128145889437,0.0001128145889437,0.0001128145889437,0.0001128145889437,0.0100724966129729,0.0141116028269088,0.0132914961701417,0.0001323589691534,0.0208479469415818,0.0496617612614009,0.0225070287532106,0.0002588655920186,0.0089671344879291,0.0156292178881313,0.0001323589691534,0.0090946567293278,0.0096206061833811,0.0146290295756262,0.0188527228085492,0.0113423638309550,0.0067471379396209,0.0001557538526036,0.0001557538526036,0.0776608559550351,0.0001557538526036,0.0197474192299121,0.0001557538526036,0.0065328382590933,0.0001323589691534,0.0067292483344473,0.0222824403444702,0.0001557538526036,0.0002588655920186,0.0001323589691534,0.0146243299748909,0.0192170907499154,0.0001838641831537,0.0278981426122973,0.0001557538526036,0.0001557538526036,0.0001838641831537,0.0100622234510857,0.1535242241771251,0.0001557538526036,0.0935765308136732,0.0001557538526036,0.0282465362219904,0.0001128145889437,0.0214180730834136,0.0078113791417118,0.0133148910535919,0.0169116598971443,0.0001557538526036,0.0001557538526036,0.0001557538526036,0.0001557538526036,0.0001323589691534,0.0001323589691534,0.0081857361735774,0.0001323589691534,0.0001323589691534,0.0001557538526036,0.0001557538526036,0.0001128145889437,0.0132719517899320,0.0001128145889437,0.0001128145889437,0.0058891312781006,0.0001557538526036,0.0001557538526036,0.0110990989134937,0.0110002691166662,0.0001557538526036,0.0080987955155173,0.0089671344879291,0.0075800908380091,0.0001557538526036,0.0000964285317207,0.0001557538526036,0.0133148910535919,0.0091390402164511,0.0001557538526036,0.0001557538526036,0.0001557538526036
0.0383393247594724,0.0004452804262094,0.0439181916981272,0.0001557538526036,1.0000000000000000,0.0007991521218326,0.0188739063515606,0.0280319201162431,0.0370407704506687,0.0162288916796660,0.0415696412479858,0.0009822356817543,0.0030868856162687,0.0006540961198383,0.0004452804262094,0.0006540961198383,0.0131992973910491,0.0015143156958183,0.0188739063515606,0.0000826439799353,0.0001838641831537,0.0005383172302168,0.0001323589691534,0.0188739063515606,0.0012152009053266,0.0039979909802688,0.0280319201162431,0.0280319201162431,0.0188739063515606,0.0186414172939669,0.0280319201162431,0.0030868856162687,0.0131992973910491,0.0039979909802688,0.0015143156958183,0.0004452804262094,0.0039979909802688,0.0052472804543173,0.0039979909802688,0.0052472804543173,0.0131992973910491,0.0019022314974547,0.0188739063515606,0.0131992973910491,0.0280319201162431,0.0280319201162431,0.0373211202495135,0.0188739063515606,0.0280319201162431,0.0188739063515606,0.0188739063515606,0.0280319201162431,0.0095000879551189,0.0188739063515606,0.0285699709496063,0.0280319201162431,0.0280319201162431,0.0188739063515606,0.0188739063515606,0.0039979909802688,0.0414524944194076,0.0280319201162431,0.0385070757760677,0.0315374416245286,0.0052472804543173,0.0069950535612156,0.0188739063515606,0.0131992973910491,0.0174826948661565,0.0188739063515606,0.0280319201162431,0.0280319201162431,0.0188739063515606,0.0280319201162431,0.0280319201162431,0.0280319201162431,0.0280319201162431,0.0391391256977629,0.0185080466865676,0.0188739063515606,0.1053535330773574,0.0030868856162687,0.0280319201162431,0.0095000879551189,0.0095000879551189,0.0361440109847423,0.0280319201162431,0.0188739063515606,0.0280319201162431,0.0280319201162431,0.0280319201162431,0.0280319201162431,0.0280319201162431,0.0095000879551189,0.0280319201162431,0.0280319201162431,0.0069950535612156,0.0369253622284619,0.0291653241493972,0.0496153247414881,0.0069950535612156,0.0188739063515606,0.0280319201162431,0.0207740060023867,0.0364582859756683,0.0095000879551189,0.0188739063515606,0.0280319201162431,0.0095000879551189,0.0188739063515606,0.0280319201162431,0.0280319201162431,0.0280319201162431,0.0271162852260469,0.0280319201162431,0.0280319201162431,0.0647519139381376,0.0280319201162431,0.0280319201162431,0.0280319201162431,0.0693341761550882,0.0280319201162431,0.0214955330295461,0.0280319201162431,0.0188739063515606,0.0280319201162431,0.0396746791921632,0.0280319201162431,0.0280319201162431,0.0188739063515606,0.0188739063515606,0.0280319201162431,0.0188739063515606,0.0188739063515606,0.0456235203591048,0.0280319201162431,0.0280319201162431,0.0280319201162431,0.0380071423744099,0.0280319201162431,0.0334708292244045,0.0280319201162431,0.0280319201162431,0.0375497947858901,0.0402205599821343,0.0362822595393673,0.0280319201162431,0.0361440109847423,0.0280319201162431,0.0280319201162431,0.0188739063515606,0.0748067032355553,0.0748067032355553,0.0280319201162431,0.0280319201162431,0.0280319201162431,0.0701349960287490
0.0005383172302168,0.0535010568820994,0.0006540961198383,0.0090114086018096,0.0007991521218326,1.0000000000000000,0.0006540961198383,0.0007991521218326,0.0007991521218326,0.0004452804262094,0.0007991521218326,0.0098538432631282,0.0820243441669047,0.0082125716048700,0.0087074896693623,0.0308732189172360,0.0297970962768569,0.0249273417686966,0.1005253710920404,0.0348775841872655,0.0072332269783593,0.0113729223136318,0.0166071101840713,0.0009822356817543,0.0106973338849621,0.0118537484689906,0.0080059348072307,0.0098552168626111,0.0006540961198383,0.0006540961198383,0.0007991521218326,0.0002177768145217,0.0095826710729850,0.0104108365771551,0.0331061620966806,0.0091779750509518,0.0376329744645301,0.0294582439704009,0.0138886355229956,0.0086289206126407,0.0075255410127420,0.0126960548561250,0.0177817600521813,0.0019022314974547,0.0012152009053266,0.0012152009053266,0.0243091473566086,0.0009822356817543,0.0512740429065440,0.0009822356817543,0.0015143156958183,0.0012152009053266,0.0015143156958183,0.0015143156958183,0.0009822356817543,0.0012152009053266,0.0012152009053266,0.0539739513170660,0.0009822356817543,0.0406532605769491,0.0317551760641893,0.0012152009053266,0.0361531788172552,0.0015143156958183,0.0009822356817543,0.0127416320240084,0.0015143156958183,0.0012152009053266,0.0207880628514658,0.1552918731054387,0.0007991521218326,0.0007991521218326,0.0006540961198383,0.0007991521218326,0.0007991521218326,0.0007991521218326,0.0007991521218326,0.0284903254479484,0.0395246469274436,0.0696371537177722,0.0009822356817543,0.0091514081208998,0.0212286197612301,0.0024110094525418,0.0024110094525418,0.0258921649780963,0.0334002770570728,0.0009822356817543,0.0389801378647144,0.0564340510547245,0.0012152009053266,0.1010363274118411,0.0475693829885039,0.1495829726697658,0.0012152009053266,0.0012152009053266,0.0137786786924325,0.0012152009053266,0.0506946445963813,0.0012152009053266,0.1047773960021215,0.0009822356817543,0.0678326271743861,0.0105815722078640,0.0012152009053266,0.0024110094525418,0.0009822356817543,0.0600524586055644,0.0255376058273686,0.0015143156958183,0.0012152009053266,0.0012152009053266,0.0012152009053266,0.0015143156958183,0.0563382857093210,0.0130916481003045,0.0012152009053266,0.0228737309037355,0.0012152009053266,0.0424131440449817,0.0007991521218326,0.0096654507168564,0.0220799311130048,0.0383994754438036,0.0361175186108852,0.0012152009053266,0.0012152009053266,0.0012152009053266,0.0012152009053266,0.0009822356817543,0.0009822356817543,0.0235892494900328,0.0009822356817543,0.0009822356817543,0.0012152009053266,0.0012152009053266,0.0007991521218326,0.0379834266603096,0.0007991521218326,0.0007991521218326,0.0166714142739399,0.0007991521218326,0.0007991521218326,0.0313764179633375,0.0310850543142128,0.0007991521218326,0.0231810186530164,0.0254761161946023,0.0217598784611208,0.0007991521218326,0.0006540961198383,0.0012152009053266,0.0383994754438036,0.0508579941230500,0.0007991521218326,0.0007991521218326,0.0007991521218326
0.0188739063515606,0.0005383172302168,0.1343903197320368,0.0000964285317207,0.0188739063515606,0.0006540961198383,1.0000000000000000,0.1497515812704310,0.0439181916981272,0.0069950535612156,0.0439181916981272,0.0007991521218326,0.0024110094525418,0.0005383172302168,0.0003700535331313,0.0005383172302168,0.0188739063515606,0.0012152009053266,0.0280319201162431,0.0000710108099780,0.0001557538526036,0.0006540961198383,0.0001128145889437,0.0280319201162431,0.0015143156958183,0.0052472804543173,0.0439181916981272,0.0439181916981272,0.0280319201162431,0.0069950535612156,0.0439181916981272,0.0069950535612156,0.0188739063515606,0.0052472804543173,0.0012152009053266,0.0005383172302168,0.0095000879551189,0.0069950535612156,0.0052472804543173,0.0039979909802688,0.0188739063515606,0.0024110094525418,0.0280319201162431,0.0338245297757049,0.0439181916981272,0.0578327196053446,0.0439181916981272,0.0448876391692877,0.0439181916981272,0.0918227206474441,0.0596779924268088,0.0899928554299682,0.0131992973910491,0.0280319201162431,0.0426254913900389,0.0439181916981272,0.0439181916981272,0.0280319201162431,0.1208813669673963,0.0052472804543173,0.0439181916981272,0.0590824349127382,0.0439181916981272,0.0444147497944687,0.0069950535612156,0.0095000879551189,0.0537492261648094,0.0188739063515606,0.0280319201162431,0.0280319201162431,0.0439181916981272,0.0439181916981272,0.0280319201162431,0.0439181916981272,0.0660863116528562,0.0439181916981272,0.0439181916981272,0.0439181916981272,0.0095000879551189,0.0280319201162431,0.0280319201162431,0.0039979909802688,0.0439181916981272,0.0131992973910491,0.0131992973910491,0.0439181916981272,0.0439181916981272,0.0280319201162431,0.0439181916981272,0.0439181916981272,0.0439181916981272,0.0439181916981272,0.0439181916981272,0.0069950535612156,0.0439181916981272,0.0439181916981272,0.0095000879551189,0.0439181916981272,0.0280319201162431,0.0439181916981272,0.0095000879551189,0.0280319201162431,0.0439181916981272,0.0188739063515606,0.0439181916981272,0.0131992973910491,0.0280319201162431,0.0439181916981272,0.0131992973910491,0.1069191989549332,0.0439181916981272,0.0439181916981272,0.0975688314981460,0.0131992973910491,0.0439181916981272,0.0439181916981272,0.0439181916981272,0.0439181916981272,0.0439181916981272,0.0439181916981272,0.0439181916981272,0.0439181916981272,0.0291214427883080,0.0439181916981272,0.0280319201162431,0.0439181916981272,0.0439181916981272,0.0439181916981272,0.0439181916981272,0.0280319201162431,0.0887833648406594,0.0439181916981272,0.0748067032355553,0.0280319201162431,0.0439181916981272,0.0439181916981272,0.0439181916981272,0.0439181916981272,0.0439181916981272,0.0439181916981272,0.0439181916981272,0.0439181916981272,0.0439181916981272,0.0439181916981272,0.0439181916981272,0.0439181916981272,0.0439181916981272,0.0439181916981272,0.0439181916981272,0.0439181916981272,0.0280319201162431,0.0439181916981272,0.0439181916981272,0.0439181916981272,0.0439181916981272,0.0439181916981272,0.0439181916981272
0.0280319201162431,0.0004452804262094,0.0439181916981272,0.0001128145889437,0.0280319201162431,0.0007991521218326,0.1497515812704310,1.0000000000000000,0.0748067032355553,0.0052472804543173,0.0748067032355553,0.0009822356817543,0.0030868856162687,0.0006540961198383,0.0004452804262094,0.0006540961198383,0.0280319201162431,0.0015143156958183,0.0439181916981272,0.0000826439799353,0.0001838641831537,0.0007991521218326,0.0001323589691534,0.0439181916981272,0.0019022314974547,0.0069950535612156,0.0748067032355553,0.0748067032355553,0.0439181916981272,0.0095000879551189,0.0748067032355553,0.0052472804543173,0.0280319201162431,0.0069950535612156,0.0015143156958183,0.0004452804262094,0.0069950535612156,0.0095000879551189,0.0069950535612156,0.0052472804543173,0.0280319201162431,0.0030868856162687,0.0439181916981272,0.0280319201162431,0.0748067032355553,0.0748067032355553,0.0748067032355553,0.0439181916981272,0.0748067032355553,0.0439181916981272,0.0439181916981272,0.0748067032355553,0.0188739063515606,0.0439181916981272,0.0439181916981272,0.0748067032355553,0.0748067032355553,0.0439181916981272,0.0439181916981272,0.0069950535612156,0.0748067032355553,0.0748067032355553,0.0748067032355553,0.0439181916981272,0.0095000879551189,0.0131992973910491,0.0439181916981272,0.0280319201162431,0.0188739063515606,0.0439181916981272,0.0748067032355553,0.0748067032355553,0.0439181916981272,0.0748067032355553,0.0748067032355553,0.0748067032355553,0.0748067032355553,0.0748067032355553,0.0131992973910491,0.0439181916981272,0.0439181916981272,0.0052472804543173,0.0748067032355553,0.0188739063515606,0.0188739063515606,0.0748067032355553,0.0748067032355553,0.0439181916981272,0.0748067032355553,0.0748067032355553,0.0748067032355553,0.0748067032355553,0.0748067032355553,0.0095000879551189,0.0748067032355553,0.0748067032355553,0.0131992973910491,0.0748067032355553,0.0439181916981272,0.0748067032355553,0.0131992973910491,0.0439181916981272,0.0748067032355553,0.0280319201162431,0.0748067032355553,0.0188739063515606,0.0439181916981272,0.0748067032355553,0.0188739063515606,0.0439181916981272,0.0748067032355553,0.0748067032355553,0.0748067032355553,0.0188739063515606,0.0748067032355553,0.0748067032355553,0.0748067032355553,0.0748067032355553,0.0748067032355553,0.0748067032355553,0.0748067032355553,0.0748067032355553,0.0280319201162431,0.0748067032355553,0.0439181916981272,0.0748067032355553,0.0748067032355553,0.0748067032355553,0.0748067032355553,0.0811110128233985,0.0439181916981272,0.0748067032355553,0.0439181916981272,0.0439181916981272,0.0748067032355553,0.0748067032355553,0.0748067032355553,0.0748067032355553,0.0748067032355553,0.0748067032355553,0.0748067032355553,0.0748067032355553,0.0748067032355553,0.0748067032355553,0.0748067032355553,0.0748067032355553,0.0748067032355553,0.0748067032355553,0.0748067032355553,0.0748067032355553,0.0439181916981272,0.0748067032355553,0.0748067032355553,0.0748067032355553,0.0748067032355553,0.0748067032355553,0.0748067032355553
0.0280319201162431,0.0004452804262094,0.0439181916981272,0.0001128145889437,0.0370407704506687,0.0007991521218326,0.0439181916981272,0.0748067032355553,1.0000000000000000,0.0500582237186742,0.0821068080441360,0.0009822356817543,0.0030868856162687,0.0006540961198383,0.0004452804262094,0.0006540961198383,0.0280319201162431,0.0015143156958183,0.0439181916981272,0.0000826439799353,0.0001838641831537,0.0007991521218326,0.0001323589691534,0.0439181916981272,0.0019022314974547,0.0069950535612156,0.0748067032355553,0.0748067032355553,0.0439181916981272,0.0853042981968676,0.0748067032355553,0.0052472804543173,0.0280319201162431,0.0069950535612156,0.0015143156958183,0.0004452804262094,0.0069950535612156,0.0095000879551189,0.0069950535612156,0.0052472804543173,0.0280319201162431,0.0030868856162687,0.0439181916981272,0.0280319201162431,0.0748067032355553,0.0748067032355553,0.0748067032355553,0.0439181916981272,0.0748067032355553,0.0439181916981272,0.0439181916981272,0.0748067032355553,0.0188739063515606,0.0439181916981272,0.0685599989656952,0.0748067032355553,0.0748067032355553,0.0439181916981272,0.0439181916981272,0.0069950535612156,0.1303306943577859,0.0748067032355553,0.0803413012362024,0.0774889974501139,0.0095000879551189,0.0131992973910491,0.0439181916981272,0.0280319201162431,0.0188739063515606,0.0439181916981272,0.0748067032355553,0.0748067032355553,0.0439181916981272,0.0748067032355553,0.0880962132742609,0.0748067032355553,0.0748067032355553,0.0748067032355553,0.0131992973910491,0.0439181916981272,0.0439181916981272,0.0052472804543173,0.0748067032355553,0.0188739063515606,0.0188739063515606,0.0748067032355553,0.0748067032355553,0.0674005553018772,0.0748067032355553,0.0748067032355553,0.0848210210645504,0.0748067032355553,0.0748067032355553,0.0095000879551189,0.0896963802500932,0.0748067032355553,0.0131992973910491,0.0748067032355553,0.0499017989764202,0.0972510149295979,0.0131992973910491,0.0439181916981272,0.0748067032355553,0.0484725446584460,0.1046497346456214,0.0188739063515606,0.0632471646668654,0.0748067032355553,0.0365994491340971,0.0439181916981272,0.0748067032355553,0.0748067032355553,0.0836759492970389,0.0696502666955189,0.0748067032355553,0.0748067032355553,0.0748067032355553,0.0748067032355553,0.0748067032355553,0.0748067032355553,0.0748067032355553,0.0748067032355553,0.0280319201162431,0.0748067032355553,0.0439181916981272,0.0748067032355553,0.1255603991395462,0.0748067032355553,0.0872191214898912,0.0439181916981272,0.0439181916981272,0.0748067032355553,0.0439181916981272,0.0439181916981272,0.0748067032355553,0.0748067032355553,0.0748067032355553,0.0748067032355553,0.1088064451102217,0.0748067032355553,0.0748067032355553,0.0813543982092773,0.0748067032355553,0.0748067032355553,0.0748067032355553,0.0748067032355553,0.0748067032355553,0.0748067032355553,0.0748067032355553,0.0748067032355553,0.0644504815088379,0.0748067032355553,0.0748067032355553,0.0748067032355553,0.0748067032355553,0.0871886563958327,0.0748067032355553
0.0030868856162687,0.0002588655920186,0.0039979909802688,0.0000528037872036,0.0162288916796660,0.0004452804262094,0.0069950535612156,0.0052472804543173,0.0500582237186742,1.0000000000000000,0.0208301540607774,0.0007991521218326,0.0009822356817543,0.0003700535331313,0.0001838641831537,0.0005383172302168,0.0030868856162687,0.0005383172302168,0.0039979909802688,0.0000710108099780,0.0001128145889437,0.0006540961198383,0.0001128145889437,0.0069950535612156,0.0009822356817543,0.0030868856162687,0.0095000879551189,0.0095000879551189,0.0039979909802688,0.0925691148603262,0.0533418743629303,0.0246211419709287,0.0030868856162687,0.0012152009053266,0.0003700535331313,0.0002588655920186,0.0019022314974547,0.0015143156958183,0.0019022314974547,0.0009822356817543,0.0030868856162687,0.0006540961198383,0.0039979909802688,0.0052472804543173,0.0095000879551189,0.0095000879551189,0.0095000879551189,0.0069950535612156,0.0095000879551189,0.0069950535612156,0.0069950535612156,0.0095000879551189,0.0039979909802688,0.0069950535612156,0.0417507415137845,0.0095000879551189,0.0095000879551189,0.0069950535612156,0.0131992973910491,0.0019022314974547,0.0368732669264367,0.0095000879551189,0.0184082604996041,0.0533872943922670,0.0024110094525418,0.0030868856162687,0.0069950535612156,0.0052472804543173,0.0039979909802688,0.0039979909802688,0.0052472804543173,0.0052472804543173,0.0246211419709287,0.0258704314449771,0.0052472804543173,0.0352229535666350,0.0205706655569814,0.0052472804543173,0.0019022314974547,0.0039979909802688,0.0039979909802688,0.0009822356817543,0.0052472804543173,0.0024110094525418,0.0024110094525418,0.0052472804543173,0.0052472804543173,0.0039979909802688,0.0052472804543173,0.0052472804543173,0.0052472804543173,0.0052472804543173,0.0052472804543173,0.0015143156958183,0.0052472804543173,0.0052472804543173,0.0019022314974547,0.0052472804543173,0.0129618253488270,0.0232965363064852,0.0019022314974547,0.0039979909802688,0.0052472804543173,0.0310973087777993,0.0127623903596439,0.0024110094525418,0.0039979909802688,0.0052472804543173,0.0024110094525418,0.0039979909802688,0.0052472804543173,0.0052472804543173,0.0052472804543173,0.0711677857932681,0.0052472804543173,0.0052472804543173,0.0052472804543173,0.0052472804543173,0.0052472804543173,0.0052472804543173,0.0052472804543173,0.0052472804543173,0.0030868856162687,0.0052472804543173,0.0039979909802688,0.0052472804543173,0.0464598784830539,0.0052472804543173,0.0052472804543173,0.0039979909802688,0.0069950535612156,0.0052472804543173,0.0340526574122142,0.0039979909802688,0.0052472804543173,0.0052472804543173,0.0052472804543173,0.0052472804543173,0.0139702132009577,0.0052472804543173,0.0052472804543173,0.0052472804543173,0.0052472804543173,0.0052472804543173,0.0052472804543173,0.0052472804543173,0.0052472804543173,0.0052472804543173,0.0052472804543173,0.0052472804543173,0.0039979909802688,0.0052472804543173,0.0052472804543173,0.0052472804543173,0.0052472804543173,0.0052472804543173,0.0052472804543173
0.0280319201162431,0.0004452804262094,0.0439181916981272,0.0001128145889437,0.0415696412479858,0.0007991521218326,0.0439181916981272,0.0748067032355553,0.0821068080441360,0.0208301540607774,1.0000000000000000,0.0015143156958183,0.0030868856162687,0.0006540961198383,0.0004452804262094,0.0006540961198383,0.0280319201162431,0.0015143156958183,0.0439181916981272,0.0000826439799353,0.0001838641831537,0.0007991521218326,0.0001323589691534,0.0439181916981272,0.0019022314974547,0.0069950535612156,0.0748067032355553,0.0748067032355553,0.0439181916981272,0.0172450886194932,0.0748067032355553,0.0052472804543173,0.0280319201162431,0.0069950535612156,0.0015143156958183,0.0004452804262094,0.0069950535612156,0.0095000879551189,0.0069950535612156,0.0052472804543173,0.0280319201162431,0.0030868856162687,0.0439181916981272,0.0280319201162431,0.0748067032355553,0.0748067032355553,0.0748067032355553,0.0439181916981272,0.0748067032355553,0.0439181916981272,0.0439181916981272,0.0748067032355553,0.0188739063515606,0.0439181916981272,0.0514837102372261,0.0748067032355553,0.0748067032355553,0.0439181916981272,0.0439181916981272,0.0069950535612156,0.0868261440375421,0.0748067032355553,0.0947456935067978,0.0543838961988670,0.0095000879551189,0.0131992973910491,0.0439181916981272,0.0280319201162431,0.0188739063515606,0.0439181916981272,0.1150280144402423,0.0893189108257322,0.0439181916981272,0.0748067032355553,0.0834900931547228,0.0748067032355553,0.0748067032355553,0.0748067032355553,0.0131992973910491,0.0439181916981272,0.0439181916981272,0.0052472804543173,0.0748067032355553,0.0188739063515606,0.0410587542336584,0.0748067032355553,0.0748067032355553,0.0439181916981272,0.0748067032355553,0.0748067032355553,0.0748067032355553,0.0748067032355553,0.0748067032355553,0.0095000879551189,0.0748067032355553,0.0748067032355553,0.0131992973910491,0.0748067032355553,0.0523150384706464,0.0946807535952635,0.0131992973910491,0.0439181916981272,0.0748067032355553,0.0338642830245902,0.0816135165210448,0.0188739063515606,0.0563821196390489,0.0748067032355553,0.0188739063515606,0.0439181916981272,0.0748067032355553,0.0748067032355553,0.0748067032355553,0.0348762565820588,0.0748067032355553,0.0748067032355553,0.0919903317883638,0.0748067032355553,0.0748067032355553,0.0748067032355553,0.0748067032355553,0.0748067032355553,0.0280319201162431,0.0748067032355553,0.0439181916981272,0.0748067032355553,0.1013875976089180,0.0748067032355553,0.0748067032355553,0.0439181916981272,0.0439181916981272,0.0748067032355553,0.0439181916981272,0.0439181916981272,0.0748067032355553,0.0748067032355553,0.0748067032355553,0.0748067032355553,0.0829316039941253,0.0748067032355553,0.0748067032355553,0.0748067032355553,0.0748067032355553,0.0748067032355553,0.0748067032355553,0.0748067032355553,0.0748067032355553,0.0748067032355553,0.0748067032355553,0.0748067032355553,0.0439181916981272,0.0748067032355553,0.0748067032355553,0.0748067032355553,0.0748067032355553,0.0748067032355553,0.0748067032355553
0.0006540961198383,0.0373227647944546,0.0012152009053266,0.0224105862690249,0.0009822356817543,0.0098538432631282,0.0007991521218326,0.0009822356817543,0.0009822356817543,0.0007991521218326,0.0015143156958183,1.0000000000000000,0.0131657571340855,0.0214049151044830,0.0550571506345030,0.0191044034068560,0.0512647815053860,0.0094995812842997,0.0184418995583403,0.0204622999030215,0.0175762686806288,0.0237795773543762,0.0372645410561138,0.0012152009053266,0.0788944312568008,0.0286896509487082,0.0198334636726911,0.0234771133190248,0.0007991521218326,0.0005383172302168,0.0009822356817543,0.0002588655920186,0.0892525803639832,0.0825130529362400,0.0431588793125423,0.0397112442372327,0.0192985290686931,0.0103838031902845,0.0243763152953573,0.0203060838140225,0.0198179335767560,0.0678374531465821,0.0387202881115871,0.0015143156958183,0.0015143156958183,0.0015143156958183,0.0098672314924209,0.0012152009053266,0.0104147913383507,0.0012152009053266,0.0019022314974547,0.0015143156958183,0.0247091220743900,0.0498583631783256,0.0012152009053266,0.0015143156958183,0.0015143156958183,0.0172392317246657,0.0012152009053266,0.0190468288061813,0.0120010736108415,0.0015143156958183,0.0089476792110062,0.0012152009053266,0.0195302168359870,0.0710040552240238,0.0019022314974547,0.0009822356817543,0.0082308180333610,0.0089941591056146,0.0009822356817543,0.0009822356817543,0.0007991521218326,0.0009822356817543,0.0099191120488107,0.0009822356817543,0.0009822356817543,0.0106658546265621,0.0138373727256290,0.0132099595410693,0.0012152009053266,0.0547580358440113,0.0439428927732131,0.0012152009053266,0.0019022314974547,0.0102837370781045,0.0455754331016386,0.0012152009053266,0.0160755364155285,0.0167844229726462,0.0015143156958183,0.0175383465151574,0.0189308369550672,0.0099976047729125,0.0015143156958183,0.0440596768679231,0.0305911856568625,0.0015143156958183,0.0214407912014151,0.0015143156958183,0.0078929548383981,0.0012152009053266,0.0085862580049477,0.0593424103023763,0.0015143156958183,0.0118601655109439,0.0012152009053266,0.0231791419882292,0.0424363855436195,0.0156746785781264,0.0015143156958183,0.0015143156958183,0.0015143156958183,0.0019022314974547,0.0105668867502061,0.0296944919001391,0.0015143156958183,0.0094765215834579,0.0015143156958183,0.0284618534854632,0.0173500722847681,0.0960515571751184,0.0092803062713656,0.0135090743315610,0.1622183188764368,0.0015143156958183,0.0015143156958183,0.0015143156958183,0.0015143156958183,0.0012152009053266,0.0123602350035842,0.0091407988196428,0.0007991521218326,0.0007991521218326,0.0009822356817543,0.0009822356817543,0.0009822356817543,0.0129769943174969,0.0009822356817543,0.0009822356817543,0.0078067935445842,0.0015143156958183,0.0313704699900168,0.0119406080436646,0.0118673653796998,0.0015143156958183,0.0096282063052322,0.0102837370781045,0.0087255803475451,0.0009822356817543,0.0007991521218326,0.0171278245197237,0.0135090743315610,0.0104147913383507,0.0015143156958183,0.0403632792032953,0.0134452004326159
0.0019022314974547,0.0525499360221531,0.0024110094525418,0.0110165167225253,0.0030868856162687,0.0820243441669047,0.0024110094525418,0.0030868856162687,0.0030868856162687,0.0009822356817543,0.0030868856162687,0.0131657571340855,1.0000000000000000,0.0136243970253950,0.0130265616472197,0.0230237734354851,0.0254561303925879,0.0339341740807593,0.0617488754837057,0.0231963064179041,0.0090087184163890,0.0148396282018592,0.0180539743126707,0.0024110094525418,0.0125657672262682,0.0167719384118334,0.0117644747418362,0.0135635167517648,0.0024110094525418,0.0015143156958183,0.0030868856162687,0.0006540961198383,0.0124301991058166,0.0145620220262336,0.0233037581081389,0.0123785479004354,0.0260593711931617,0.0358316554114488,0.0157254799466258,0.0152575370963714,0.0136243970253950,0.0158866018853507,0.0206667576914286,0.0052472804543173,0.0052472804543173,0.0052472804543173,0.0332337310988694,0.0039979909802688,0.0355958627678233,0.0039979909802688,0.0069950535612156,0.0052472804543173,0.0039979909802688,0.0069950535612156,0.0039979909802688,0.0052472804543173,0.0052472804543173,0.0608361811104616,0.0039979909802688,0.0291093146777453,0.0391027888568069,0.0052472804543173,0.0445339606508928,0.0039979909802688,0.0024110094525418,0.0177376706196628,0.0069950535612156,0.0030868856162687,0.0266688405229833,0.0666018020246539,0.0030868856162687,0.0030868856162687,0.0024110094525418,0.0030868856162687,0.0030868856162687,0.0030868856162687,0.0030868856162687,0.0350641799833733,0.0446306360467400,0.0751257628926538,0.0039979909802688,0.0123506854834927,0.0267134000628136,0.0039979909802688,0.0069950535612156,0.0350235471688794,0.0260650112828455,0.0039979909802688,0.0472933520880369,0.0475793727003845,0.0052472804543173,0.1051326167977956,0.0551790289594717,0.0678144502341607,0.0052472804543173,0.0052472804543173,0.0231063981284328,0.0052472804543173,0.0560930514964919,0.0052472804543173,0.0639062822892139,0.0039979909802688,0.1056747409860398,0.0153712957461156,0.0052472804543173,0.0131992973910491,0.0039979909802688,0.0667057022593603,0.0308594895072985,0.0069950535612156,0.0052472804543173,0.0052472804543173,0.0052472804543173,0.0069950535612156,0.0365075315751757,0.0188535906276312,0.0052472804543173,0.0315974721757594,0.0052472804543173,0.0328985758425295,0.0030868856162687,0.0155079508988304,0.0275353849711309,0.0473388719614588,0.0254293276498791,0.0052472804543173,0.0052472804543173,0.0052472804543173,0.0052472804543173,0.0039979909802688,0.0039979909802688,0.0302541365369399,0.0024110094525418,0.0024110094525418,0.0030868856162687,0.0030868856162687,0.0030868856162687,0.0451784771234102,0.0030868856162687,0.0030868856162687,0.0235142821625063,0.0030868856162687,0.0030868856162687,0.0381822686111822,0.0378689579337363,0.0030868856162687,0.0312700376436026,0.0328631523308308,0.0296055186685519,0.0030868856162687,0.0024110094525418,0.0052472804543173,0.0473388719614588,0.0355958627678233,0.0052472804543173,0.0030868856162687,0.0030868856162687
