1.0000000000000000,0.0005009404794855,0.0494079656603931,0.0001269164125617,0.0366896124523881,0.0006056068839939,0.0212331446455057,0.0315359101307735,0.0315359101307735,0.0034727463183023,0.0315359101307735,0.0007358581348181,0.0021400104346365,0.0005009404794855,0.0003474880386005,0.0005009404794855,0.0148492095649303,0.0011050151419736,0.0212331446455057,0.0000688089013935,0.0001489038402976,0.0006056068839939,0.0001084820981858,0.0212331446455057,0.0013671010184925,0.0044977398528024,0.0315359101307735,0.0315359101307735,0.0212331446455057,0.0059031905111069,0.0315359101307735,0.0034727463183023,0.0148492095649303,0.0044977398528024,0.0011050151419736,0.0003474880386005,0.0044977398528024,0.0059031905111069,0.0044977398528024,0.0034727463183023,0.0148492095649303,0.0021400104346365,0.0212331446455057,0.0148492095649303,0.0315359101307735,0.0315359101307735,0.0363398103336276,0.0212331446455057,0.0315359101307735,0.0212331446455057,0.0212331446455057,0.0315359101307735,0.0106875989495088,0.0212331446455057,0.0212331446455057,0.0315359101307735,0.0315359101307735,0.0212331446455057,0.0212331446455057,0.0044977398528024,0.0315359101307735,0.0315359101307735,0.0315359101307735,0.0212331446455057,0.0059031905111069,0.0078694352563675,0.0212331446455057,0.0148492095649303,0.0149815815349537,0.0212331446455057,0.0315359101307735,0.0315359101307735,0.0212331446455057,0.0315359101307735,0.0315359101307735,0.0315359101307735,0.0315359101307735,0.0370680708226686,0.0135645737968517,0.0212331446455057,0.0348808276146424,0.0034727463183023,0.0315359101307735,0.0106875989495088,0.0106875989495088,0.0358848017255852,0.0315359101307735,0.0212331446455057,0.0315359101307735,0.0315359101307735,0.0315359101307735,0.0315359101307735,0.0315359101307735,0.0059031905111069,0.0315359101307735,0.0315359101307735,0.0078694352563675,0.0434415778582309,0.0212331446455057,0.0315359101307735,0.0078694352563675,0.0212331446455057,0.0315359101307735,0.0148492095649303,0.0315359101307735,0.0106875989495088,0.0212331446455057,0.0315359101307735,0.0106875989495088,0.0212331446455057,0.0315359101307735,0.0315359101307735,0.0315359101307735,0.0106875989495088,0.0315359101307735,0.0315359101307735,0.0382945317554062,0.0315359101307735,0.0315359101307735,0.0315359101307735,0.0389730676563326,0.0315359101307735,0.0191878223927200,0.0315359101307735,0.0212331446455057,0.0315359101307735,0.0315359101307735,0.0315359101307735,0.0315359101307735,0.0494079656603931,0.0212331446455057,0.0315359101307735,0.0212331446455057,0.0212331446455057,0.0397959263164625,0.0315359101307735,0.0315359101307735,0.0315359101307735,0.0841575411399997,0.0315359101307735,0.0413322974083658,0.0315359101307735,0.0315359101307735,0.0364339084692802,0.0374975311746334,0.0359003588974821,0.0315359101307735,0.0358848017255852,0.0315359101307735,0.0315359101307735,0.0212331446455057,0.0315359101307735,0.0315359101307735,0.0315359101307735,0.0315359101307735,0.0315359101307735,0.0390886422722599
0.0005009404794855,1.0000000000000000,0.0008990461370617,0.0248407205830711,0.0005009404794855,0.0269123194360613,0.0006056068839939,0.0005009404794855,0.0005009404794855,0.0002912237910209,0.0005009404794855,0.0190701924721263,0.0267744380872219,0.0252153856868400,0.0236510550461639,0.0176642389517380,0.0196790766473122,0.0263464053545298,0.0170059916997014,0.0214140229318013,0.0200045079186579,0.0264806495200775,0.0324683047310047,0.0004163102247727,0.0225372898649383,0.0233892310911830,0.0225727317833301,0.0249876912606131,0.0004163102247727,0.0002912237910209,0.0005009404794855,0.0002068472060479,0.0202462586283025,0.0258195465986763,0.0198921303111453,0.0255918659056633,0.0231685147347623,0.0341931531005554,0.0255982476864441,0.0244764033431445,0.0248462286796846,0.0247261428207340,0.0348742320242494,0.0007358581348181,0.0007358581348181,0.0007358581348181,0.0255711363802661,0.0006056068839939,0.0291095487207909,0.0006056068839939,0.0008990461370617,0.0007358581348181,0.0008990461370617,0.0008990461370617,0.0006056068839939,0.0007358581348181,0.0007358581348181,0.0464937549618043,0.0008990461370617,0.0211501308733967,0.0201491804936936,0.0007358581348181,0.0262744781282656,0.0008990461370617,0.0008990461370617,0.0269159331705117,0.0008990461370617,0.0007358581348181,0.0259426182030731,0.0237876204150503,0.0005009404794855,0.0005009404794855,0.0004163102247727,0.0005009404794855,0.0005009404794855,0.0005009404794855,0.0005009404794855,0.0244286164288141,0.0287727298722042,0.0385762322218539,0.0006056068839939,0.0234450860412520,0.0466240062126285,0.0008990461370617,0.0013671010184925,0.0282205534208384,0.0197269339596073,0.0006056068839939,0.0288820720171166,0.0229034136394343,0.0007358581348181,0.0466240062126285,0.0294585208716301,0.0277346171153322,0.0007358581348181,0.0007358581348181,0.0300392557499579,0.0007358581348181,0.0235288477270368,0.0007358581348181,0.0275714291130886,0.0006056068839939,0.0289913224805943,0.0195556083871191,0.0007358581348181,0.0008990461370617,0.0006056068839939,0.0302580131878287,0.0196946865360483,0.0008990461370617,0.0007358581348181,0.0007358581348181,0.0007358581348181,0.0008990461370617,0.0340884866960471,0.0296700987428024,0.0007358581348181,0.0233224149831230,0.0007358581348181,0.0271201149785766,0.0005009404794855,0.0244281658386901,0.0173385928247877,0.0387064834726782,0.0175633523209230,0.0007358581348181,0.0007358581348181,0.0007358581348181,0.0007358581348181,0.0006056068839939,0.0008990461370617,0.0244249086720135,0.0008990461370617,0.0006056068839939,0.0007358581348181,0.0007358581348181,0.0005009404794855,0.0384715658173456,0.0005009404794855,0.0005009404794855,0.0192050093437935,0.0007358581348181,0.0007358581348181,0.0284556380850820,0.0280540447777950,0.0007358581348181,0.0317667177907560,0.0282205534208384,0.0283951597002659,0.0005009404794855,0.0006056068839939,0.0005009404794855,0.0384715658173456,0.0291095487207909,0.0007358581348181,0.0007358581348181,0.0007358581348181
0.0494079656603931,0.0008990461370617,1.0000000000000000,0.0002068472060479,0.0494079656603931,0.0007358581348181,0.0847151099386704,0.0494079656603931,0.0494079656603931,0.0044977398528024,0.0494079656603931,0.0013671010184925,0.0027123856341095,0.0008990461370617,0.0006056068839939,0.0006056068839939,0.0212331446455057,0.0013671010184925,0.0315359101307735,0.0001084820981858,0.0002449989163369,0.0007358581348181,0.0001752230841791,0.0315359101307735,0.0027123856341095,0.0106875989495088,0.0494079656603931,0.0494079656603931,0.0315359101307735,0.0078694352563675,0.0494079656603931,0.0044977398528024,0.0212331446455057,0.0059031905111069,0.0021400104346365,0.0006056068839939,0.0059031905111069,0.0078694352563675,0.0059031905111069,0.0044977398528024,0.0212331446455057,0.0044977398528024,0.0841575411399997,0.0307185140249001,0.0494079656603931,0.0582771860167709,0.0494079656603931,0.0417620741854336,0.0494079656603931,0.0639312363509278,0.0518769981782037,0.0772888908838987,0.0148492095649303,0.0315359101307735,0.0404637944947150,0.0610976280346005,0.0494079656603931,0.0315359101307735,0.0594168353542791,0.0059031905111069,0.0494079656603931,0.0586654133397888,0.0494079656603931,0.0414925062529144,0.0148492095649303,0.0212331446455057,0.0461727164471639,0.0212331446455057,0.0148492095649303,0.0315359101307735,0.0494079656603931,0.0494079656603931,0.0315359101307735,0.0494079656603931,0.0638951353248609,0.0494079656603931,0.0494079656603931,0.0494079656603931,0.0212331446455057,0.0315359101307735,0.0315359101307735,0.0078694352563675,0.0494079656603931,0.0148492095649303,0.0148492095649303,0.0494079656603931,0.0494079656603931,0.0315359101307735,0.0494079656603931,0.0494079656603931,0.0494079656603931,0.0494079656603931,0.0494079656603931,0.0078694352563675,0.0494079656603931,0.0494079656603931,0.0106875989495088,0.0494079656603931,0.0315359101307735,0.0494079656603931,0.0106875989495088,0.0366141784346059,0.0494079656603931,0.0212331446455057,0.0494079656603931,0.0148492095649303,0.0315359101307735,0.0494079656603931,0.0148492095649303,0.0558333071612732,0.0494079656603931,0.0494079656603931,0.0804012204544961,0.0148492095649303,0.0494079656603931,0.0494079656603931,0.0494079656603931,0.0494079656603931,0.0494079656603931,0.0494079656603931,0.0494079656603931,0.0494079656603931,0.0557796193036499,0.0494079656603931,0.0315359101307735,0.0494079656603931,0.0494079656603931,0.0494079656603931,0.0494079656603931,0.0315359101307735,0.0401059993650062,0.0494079656603931,0.0315359101307735,0.0315359101307735,0.0537114491167217,0.0494079656603931,0.0494079656603931,0.0494079656603931,0.0494079656603931,0.0494079656603931,0.1684705289292348,0.1684705289292348,0.1684705289292348,0.1684705289292348,0.1684705289292348,0.1684705289292348,0.1684705289292348,0.1684705289292348,0.0494079656603931,0.0494079656603931,0.0315359101307735,0.0494079656603931,0.0494079656603931,0.0494079656603931,0.0494079656603931,0.0494079656603931,0.0494079656603931
0.0001269164125617,0.0248407205830711,0.0002068472060479,1.0000000000000000,0.0001752230841791,0.0047369877591118,0.0001084820981858,0.0001269164125617,0.0001269164125617,0.0000594042606041,0.0001269164125617,0.0114835934008933,0.0058447066301481,0.0096153498787260,0.0130069263088912,0.0379684145479758,0.0094094279461802,0.0047434444820925,0.0084752839393872,0.0265670201136363,0.0413289069614638,0.0121401344774873,0.0208511206354084,0.0001084820981858,0.0090453778541111,0.0533131877906270,0.0086761765820726,0.0109847177545240,0.0001084820981858,0.0001084820981858,0.0001269164125617,0.0000445657674038,0.0116522828464320,0.0096861414429737,0.0082467039740454,0.0112048325793238,0.0088950941418481,0.0052444585902619,0.0285778921433939,0.0408201998537503,0.0081567436372673,0.0343421697728702,0.0211486730832045,0.0002449989163369,0.0001752230841791,0.0001752230841791,0.0043127732593897,0.0001489038402976,0.0046668662661028,0.0001489038402976,0.0002068472060479,0.0001752230841791,0.0002068472060479,0.0002068472060479,0.0001489038402976,0.0001752230841791,0.0001752230841791,0.0094973883182704,0.0001489038402976,0.0080748182559766,0.0056139032356729,0.0001752230841791,0.0037152327176208,0.0002068472060479,0.0002068472060479,0.0139901503453004,0.0002068472060479,0.0002449989163369,0.0036188495725547,0.0034810934758231,0.0001269164125617,0.0001269164125617,0.0001084820981858,0.0001269164125617,0.0001269164125617,0.0001269164125617,0.0001269164125617,0.0051067574245763,0.0071263105315442,0.0067284724407917,0.0001489038402976,0.0105857644658025,0.0249282267885777,0.0114153053716169,0.0002912237910209,0.0045809134018418,0.0079119551019429,0.0001489038402976,0.0046446745225412,0.0049076492495678,0.0074118609456904,0.0095237075621518,0.0057685280733548,0.0036048524280175,0.0001752230841791,0.0001752230841791,0.0390234768878512,0.0001752230841791,0.0099886247294271,0.0001752230841791,0.0033637652874239,0.0001489038402976,0.0034619703251009,0.0112773306813111,0.0001752230841791,0.0002912237910209,0.0001489038402976,0.0074095111453227,0.0096912697306786,0.0002068472060479,0.0140464174640259,0.0001752230841791,0.0001752230841791,0.0002068472060479,0.0051284578834201,0.0768594582464399,0.0001752230841791,0.0468856115647139,0.0001752230841791,0.0142206142688725,0.0001269164125617,0.0108063826995840,0.0040418000799320,0.0067547916846732,0.0085707450630432,0.0001752230841791,0.0001752230841791,0.0001752230841791,0.0001752230841791,0.0001489038402976,0.0001489038402976,0.0041902142446660,0.0001489038402976,0.0001489038402976,0.0001752230841791,0.0001752230841791,0.0001269164125617,0.0067064850130558,0.0001269164125617,0.0001269164125617,0.0030419117969275,0.0001752230841791,0.0001752230841791,0.0056468956146241,0.0055974807162104,0.0001752230841791,0.0041467439156359,0.0045809134018418,0.0038605545370944,0.0001752230841791,0.0001084820981858,0.0001752230841791,0.0067547916846732,0.0046668662661028,0.0001752230841791,0.0001752230841791,0.0001752230841791
0.0366896124523881,0.0005009404794855,0.0494079656603931,0.0001752230841791,1.0000000000000000,0.0008990461370617,0.0212331446455057,0.0315359101307735,0.0360403352979863,0.0100437493500009,0.0383047706966449,0.0011050151419736,0.0034727463183023,0.0007358581348181,0.0005009404794855,0.0007358581348181,0.0148492095649303,0.0017036051577956,0.0212331446455057,0.0000929744774272,0.0002068472060479,0.0006056068839939,0.0001489038402976,0.0212331446455057,0.0013671010184925,0.0044977398528024,0.0315359101307735,0.0315359101307735,0.0212331446455057,0.0152582636189328,0.0315359101307735,0.0034727463183023,0.0148492095649303,0.0044977398528024,0.0017036051577956,0.0005009404794855,0.0044977398528024,0.0059031905111069,0.0044977398528024,0.0059031905111069,0.0148492095649303,0.0021400104346365,0.0212331446455057,0.0148492095649303,0.0315359101307735,0.0315359101307735,0.0361805101974087,0.0212331446455057,0.0315359101307735,0.0212331446455057,0.0212331446455057,0.0315359101307735,0.0106875989495088,0.0212331446455057,0.0260811769445286,0.0315359101307735,0.0315359101307735,0.0212331446455057,0.0212331446455057,0.0044977398528024,0.0382461972823558,0.0315359101307735,0.0367734879606858,0.0275649122819897,0.0059031905111069,0.0078694352563675,0.0212331446455057,0.0148492095649303,0.0146789024050276,0.0212331446455057,0.0315359101307735,0.0315359101307735,0.0212331446455057,0.0315359101307735,0.0315359101307735,0.0315359101307735,0.0315359101307735,0.0370895129215334,0.0136259318190435,0.0212331446455057,0.0644729580084041,0.0034727463183023,0.0315359101307735,0.0106875989495088,0.0106875989495088,0.0355919555650231,0.0315359101307735,0.0212331446455057,0.0315359101307735,0.0315359101307735,0.0315359101307735,0.0315359101307735,0.0315359101307735,0.0106875989495088,0.0315359101307735,0.0315359101307735,0.0078694352563675,0.0359826311868829,0.0263788535444240,0.0423276124433960,0.0078694352563675,0.0212331446455057,0.0315359101307735,0.0186365638705990,0.0357490930604861,0.0106875989495088,0.0212331446455057,0.0315359101307735,0.0106875989495088,0.0212331446455057,0.0315359101307735,0.0315359101307735,0.0315359101307735,0.0194956975849728,0.0315359101307735,0.0315359101307735,0.0498959070417207,0.0315359101307735,0.0315359101307735,0.0315359101307735,0.0521870381501961,0.0315359101307735,0.0189973273841788,0.0315359101307735,0.0212331446455057,0.0315359101307735,0.0373572896687335,0.0315359101307735,0.0315359101307735,0.0212331446455057,0.0212331446455057,0.0315359101307735,0.0212331446455057,0.0212331446455057,0.0403317102522043,0.0315359101307735,0.0315359101307735,0.0315359101307735,0.0365235212598569,0.0315359101307735,0.0342553646848542,0.0315359101307735,0.0315359101307735,0.0362948474655970,0.0376302300637191,0.0356610798423356,0.0315359101307735,0.0355919555650231,0.0315359101307735,0.0315359101307735,0.0212331446455057,0.0841575411399997,0.0841575411399997,0.0315359101307735,0.0315359101307735,0.0315359101307735,0.0525874480870265
0.0006056068839939,0.0269123194360613,0.0007358581348181,0.0047369877591118,0.0008990461370617,1.0000000000000000,0.0007358581348181,0.0008990461370617,0.0008990461370617,0.0005009404794855,0.0008990461370617,0.0056864221973933,0.0425190529912910,0.0052951804883442,0.0046901931035666,0.0159360795347634,0.0153980182145739,0.0132231714501775,0.0508765828471167,0.0175537072081038,0.0042305107902761,0.0071933420646545,0.0085818553584165,0.0011050151419736,0.0078474113051490,0.0071157689204045,0.0047624679694445,0.0056871089971347,0.0007358581348181,0.0007358581348181,0.0008990461370617,0.0002449989163369,0.0051277838053780,0.0071347217987455,0.0177419757342495,0.0049254357943614,0.0200053819181742,0.0156755692950869,0.0102238680454461,0.0058213412141590,0.0045222710722001,0.0078549083359011,0.0095047773271871,0.0021400104346365,0.0013671010184925,0.0013671010184925,0.0129140742441335,0.0011050151419736,0.0263965220191012,0.0011050151419736,0.0017036051577956,0.0013671010184925,0.0017036051577956,0.0017036051577956,0.0011050151419736,0.0013671010184925,0.0013671010184925,0.0276008729596295,0.0011050151419736,0.0215155249743837,0.0166370885979238,0.0013671010184925,0.0188360899744568,0.0017036051577956,0.0011050151419736,0.0075597106979134,0.0017036051577956,0.0013671010184925,0.0110079287268293,0.0785923838626059,0.0008990461370617,0.0008990461370617,0.0007358581348181,0.0008990461370617,0.0008990461370617,0.0008990461370617,0.0008990461370617,0.0147446328001196,0.0200987717326073,0.0354324741599825,0.0011050151419736,0.0051896013615463,0.0113738104464442,0.0027123856341095,0.0027123856341095,0.0137055830548773,0.0174596390943655,0.0011050151419736,0.0202495694981864,0.0289765260931914,0.0013671010184925,0.0512776642717497,0.0245441920600811,0.0757379336447694,0.0013671010184925,0.0013671010184925,0.0080782340321254,0.0013671010184925,0.0262937696080771,0.0013671010184925,0.0531481985668900,0.0011050151419736,0.0346758141530222,0.0064796807898412,0.0013671010184925,0.0027123856341095,0.0011050151419736,0.0307857298686114,0.0131776129885832,0.0017036051577956,0.0013671010184925,0.0013671010184925,0.0013671010184925,0.0017036051577956,0.0286686129308059,0.0073053246159814,0.0013671010184925,0.0121963660176969,0.0013671010184925,0.0219660725883200,0.0008990461370617,0.0055922259242574,0.0117994661223316,0.0199592382877310,0.0190052066153291,0.0013671010184925,0.0013671010184925,0.0013671010184925,0.0013671010184925,0.0011050151419736,0.0011050151419736,0.0125541253108455,0.0011050151419736,0.0011050151419736,0.0013671010184925,0.0013671010184925,0.0008990461370617,0.0194911834063002,0.0008990461370617,0.0008990461370617,0.0088351772131154,0.0008990461370617,0.0008990461370617,0.0161876790578142,0.0160419972332518,0.0008990461370617,0.0120899794026536,0.0132375281734466,0.0113794093067058,0.0008990461370617,0.0007358581348181,0.0013671010184925,0.0199592382877310,0.0259284671376704,0.0008990461370617,0.0008990461370617,0.0008990461370617
0.0212331446455057,0.0006056068839939,0.0847151099386704,0.0001084820981858,0.0212331446455057,0.0007358581348181,1.0000000000000000,0.1684705289292348,0.0494079656603931,0.0078694352563675,0.0494079656603931,0.0008990461370617,0.0027123856341095,0.0006056068839939,0.0004163102247727,0.0006056068839939,0.0212331446455057,0.0013671010184925,0.0315359101307735,0.0000798871612252,0.0001752230841791,0.0007358581348181,0.0001269164125617,0.0315359101307735,0.0017036051577956,0.0059031905111069,0.0494079656603931,0.0494079656603931,0.0315359101307735,0.0078694352563675,0.0494079656603931,0.0078694352563675,0.0212331446455057,0.0059031905111069,0.0013671010184925,0.0006056068839939,0.0106875989495088,0.0078694352563675,0.0059031905111069,0.0044977398528024,0.0212331446455057,0.0027123856341095,0.0315359101307735,0.0287084563575779,0.0494079656603931,0.0563652296140018,0.0494079656603931,0.0399637696572958,0.0494079656603931,0.0634313103963740,0.0473589462860564,0.0724452975263136,0.0148492095649303,0.0315359101307735,0.0388326957676714,0.0494079656603931,0.0494079656603931,0.0315359101307735,0.1071948730059203,0.0059031905111069,0.0494079656603931,0.0569900872676986,0.0494079656603931,0.0397273249698863,0.0078694352563675,0.0106875989495088,0.0443945631550567,0.0212331446455057,0.0315359101307735,0.0315359101307735,0.0494079656603931,0.0494079656603931,0.0315359101307735,0.0494079656603931,0.0604920256377576,0.0494079656603931,0.0494079656603931,0.0494079656603931,0.0106875989495088,0.0315359101307735,0.0315359101307735,0.0044977398528024,0.0494079656603931,0.0148492095649303,0.0148492095649303,0.0494079656603931,0.0494079656603931,0.0315359101307735,0.0494079656603931,0.0494079656603931,0.0494079656603931,0.0494079656603931,0.0494079656603931,0.0078694352563675,0.0494079656603931,0.0494079656603931,0.0106875989495088,0.0494079656603931,0.0315359101307735,0.0494079656603931,0.0106875989495088,0.0315359101307735,0.0494079656603931,0.0212331446455057,0.0494079656603931,0.0148492095649303,0.0315359101307735,0.0494079656603931,0.0148492095649303,0.0709795495501186,0.0494079656603931,0.0494079656603931,0.0762332855604025,0.0148492095649303,0.0494079656603931,0.0494079656603931,0.0494079656603931,0.0494079656603931,0.0494079656603931,0.0494079656603931,0.0494079656603931,0.0494079656603931,0.0263569128638794,0.0494079656603931,0.0315359101307735,0.0494079656603931,0.0494079656603931,0.0494079656603931,0.0494079656603931,0.0315359101307735,0.0911458719425518,0.0494079656603931,0.0841575411399997,0.0315359101307735,0.0494079656603931,0.0494079656603931,0.0494079656603931,0.0494079656603931,0.0494079656603931,0.0494079656603931,0.0494079656603931,0.0494079656603931,0.0494079656603931,0.0494079656603931,0.0494079656603931,0.0494079656603931,0.0494079656603931,0.0494079656603931,0.0494079656603931,0.0494079656603931,0.0315359101307735,0.0494079656603931,0.0494079656603931,0.0494079656603931,0.0494079656603931,0.0494079656603931,0.0494079656603931
0.0315359101307735,0.0005009404794855,0.0494079656603931,0.0001269164125617,0.0315359101307735,0.0008990461370617,0.1684705289292348,1.0000000000000000,0.0841575411399997,0.0059031905111069,0.0841575411399997,0.0011050151419736,0.0034727463183023,0.0007358581348181,0.0005009404794855,0.0007358581348181,0.0315359101307735,0.0017036051577956,0.0494079656603931,0.0000929744774272,0.0002068472060479,0.0008990461370617,0.0001489038402976,0.0494079656603931,0.0021400104346365,0.0078694352563675,0.0841575411399997,0.0841575411399997,0.0494079656603931,0.0106875989495088,0.0841575411399997,0.0059031905111069,0.0315359101307735,0.0078694352563675,0.0017036051577956,0.0005009404794855,0.0078694352563675,0.0106875989495088,0.0078694352563675,0.0059031905111069,0.0315359101307735,0.0034727463183023,0.0494079656603931,0.0315359101307735,0.0841575411399997,0.0841575411399997,0.0841575411399997,0.0494079656603931,0.0841575411399997,0.0494079656603931,0.0494079656603931,0.0841575411399997,0.0212331446455057,0.0494079656603931,0.0494079656603931,0.0841575411399997,0.0841575411399997,0.0494079656603931,0.0494079656603931,0.0078694352563675,0.0841575411399997,0.0841575411399997,0.0841575411399997,0.0494079656603931,0.0106875989495088,0.0148492095649303,0.0494079656603931,0.0315359101307735,0.0212331446455057,0.0494079656603931,0.0841575411399997,0.0841575411399997,0.0494079656603931,0.0841575411399997,0.0841575411399997,0.0841575411399997,0.0841575411399997,0.0841575411399997,0.0148492095649303,0.0494079656603931,0.0494079656603931,0.0059031905111069,0.0841575411399997,0.0212331446455057,0.0212331446455057,0.0841575411399997,0.0841575411399997,0.0494079656603931,0.0841575411399997,0.0841575411399997,0.0841575411399997,0.0841575411399997,0.0841575411399997,0.0106875989495088,0.0841575411399997,0.0841575411399997,0.0148492095649303,0.0841575411399997,0.0494079656603931,0.0841575411399997,0.0148492095649303,0.0494079656603931,0.0841575411399997,0.0315359101307735,0.0841575411399997,0.0212331446455057,0.0494079656603931,0.0841575411399997,0.0212331446455057,0.0494079656603931,0.0841575411399997,0.0841575411399997,0.0841575411399997,0.0212331446455057,0.0841575411399997,0.0841575411399997,0.0841575411399997,0.0841575411399997,0.0841575411399997,0.0841575411399997,0.0841575411399997,0.0841575411399997,0.0315359101307735,0.0841575411399997,0.0494079656603931,0.0841575411399997,0.0841575411399997,0.0841575411399997,0.0841575411399997,0.0680043762230288,0.0494079656603931,0.0841575411399997,0.0494079656603931,0.0494079656603931,0.0841575411399997,0.0841575411399997,0.0841575411399997,0.0841575411399997,0.0841575411399997,0.0841575411399997,0.0841575411399997,0.0841575411399997,0.0841575411399997,0.0841575411399997,0.0841575411399997,0.0841575411399997,0.0841575411399997,0.0841575411399997,0.0841575411399997,0.0841575411399997,0.0494079656603931,0.0841575411399997,0.0841575411399997,0.0841575411399997,0.0841575411399997,0.0841575411399997,0.0841575411399997
0.0315359101307735,0.0005009404794855,0.0494079656603931,0.0001269164125617,0.0360403352979863,0.0008990461370617,0.0494079656603931,0.0841575411399997,1.0000000000000000,0.0283086621432854,0.0878075935442901,0.0011050151419736,0.0034727463183023,0.0007358581348181,0.0005009404794855,0.0007358581348181,0.0315359101307735,0.0017036051577956,0.0494079656603931,0.0000929744774272,0.0002068472060479,0.0008990461370617,0.0001489038402976,0.0494079656603931,0.0021400104346365,0.0078694352563675,0.0841575411399997,0.0841575411399997,0.0494079656603931,0.0485897040703832,0.0841575411399997,0.0059031905111069,0.0315359101307735,0.0078694352563675,0.0017036051577956,0.0005009404794855,0.0078694352563675,0.0106875989495088,0.0078694352563675,0.0059031905111069,0.0315359101307735,0.0034727463183023,0.0494079656603931,0.0315359101307735,0.0841575411399997,0.0841575411399997,0.0841575411399997,0.0494079656603931,0.0841575411399997,0.0494079656603931,0.0494079656603931,0.0841575411399997,0.0212331446455057,0.0494079656603931,0.0617288692941771,0.0841575411399997,0.0841575411399997,0.0494079656603931,0.0494079656603931,0.0078694352563675,0.1119195367011150,0.0841575411399997,0.0869248401403232,0.0661933685363864,0.0106875989495088,0.0148492095649303,0.0494079656603931,0.0315359101307735,0.0212331446455057,0.0494079656603931,0.0841575411399997,0.0841575411399997,0.0494079656603931,0.0841575411399997,0.0908022961593525,0.0841575411399997,0.0841575411399997,0.0841575411399997,0.0148492095649303,0.0494079656603931,0.0494079656603931,0.0059031905111069,0.0841575411399997,0.0212331446455057,0.0212331446455057,0.0841575411399997,0.0841575411399997,0.0611491474622681,0.0841575411399997,0.0841575411399997,0.0891647000544973,0.0841575411399997,0.0841575411399997,0.0106875989495088,0.0916023796472687,0.0841575411399997,0.0148492095649303,0.0841575411399997,0.0523997692995396,0.0953796969870210,0.0148492095649303,0.0494079656603931,0.0841575411399997,0.0417562224018749,0.0990790568450328,0.0212331446455057,0.0590724521447622,0.0841575411399997,0.0300959160367740,0.0494079656603931,0.0841575411399997,0.0841575411399997,0.0885921641707415,0.0466213248174849,0.0841575411399997,0.0841575411399997,0.0841575411399997,0.0841575411399997,0.0841575411399997,0.0841575411399997,0.0841575411399997,0.0841575411399997,0.0315359101307735,0.0841575411399997,0.0494079656603931,0.0841575411399997,0.1095343890919952,0.0841575411399997,0.0903637502671677,0.0494079656603931,0.0494079656603931,0.0841575411399997,0.0494079656603931,0.0494079656603931,0.0841575411399997,0.0841575411399997,0.0841575411399997,0.0841575411399997,0.1011574120773329,0.0841575411399997,0.0841575411399997,0.0874313886268607,0.0841575411399997,0.0841575411399997,0.0841575411399997,0.0841575411399997,0.0841575411399997,0.0841575411399997,0.0841575411399997,0.0841575411399997,0.0596741105657484,0.0841575411399997,0.0841575411399997,0.0841575411399997,0.0841575411399997,0.0903485177201384,0.0841575411399997
0.0034727463183023,0.0002912237910209,0.0044977398528024,0.0000594042606041,0.0100437493500009,0.0005009404794855,0.0078694352563675,0.0059031905111069,0.0283086621432854,1.0000000000000000,0.0163526320023380,0.0008990461370617,0.0011050151419736,0.0004163102247727,0.0002068472060479,0.0006056068839939,0.0034727463183023,0.0006056068839939,0.0044977398528024,0.0000798871612252,0.0001269164125617,0.0007358581348181,0.0001269164125617,0.0078694352563675,0.0011050151419736,0.0034727463183023,0.0106875989495088,0.0106875989495088,0.0044977398528024,0.0487833017928311,0.0299504874654135,0.0148093153481323,0.0034727463183023,0.0013671010184925,0.0004163102247727,0.0002912237910209,0.0021400104346365,0.0017036051577956,0.0021400104346365,0.0011050151419736,0.0034727463183023,0.0007358581348181,0.0044977398528024,0.0059031905111069,0.0106875989495088,0.0106875989495088,0.0106875989495088,0.0078694352563675,0.0106875989495088,0.0078694352563675,0.0078694352563675,0.0106875989495088,0.0044977398528024,0.0078694352563675,0.0252472792326520,0.0106875989495088,0.0106875989495088,0.0078694352563675,0.0148492095649303,0.0021400104346365,0.0243741884351677,0.0106875989495088,0.0151416852217514,0.0310655556718932,0.0027123856341095,0.0034727463183023,0.0078694352563675,0.0059031905111069,0.0044977398528024,0.0044977398528024,0.0059031905111069,0.0059031905111069,0.0148093153481323,0.0162147660064369,0.0059031905111069,0.0208910270672658,0.0135648830624390,0.0059031905111069,0.0021400104346365,0.0044977398528024,0.0044977398528024,0.0011050151419736,0.0059031905111069,0.0027123856341095,0.0027123856341095,0.0059031905111069,0.0059031905111069,0.0044977398528024,0.0059031905111069,0.0059031905111069,0.0059031905111069,0.0059031905111069,0.0059031905111069,0.0017036051577956,0.0059031905111069,0.0059031905111069,0.0021400104346365,0.0059031905111069,0.0089796570370815,0.0149278184371909,0.0021400104346365,0.0044977398528024,0.0059031905111069,0.0174779578990676,0.0096607454637702,0.0027123856341095,0.0044977398528024,0.0059031905111069,0.0027123856341095,0.0044977398528024,0.0059031905111069,0.0059031905111069,0.0059031905111069,0.0370907738044727,0.0059031905111069,0.0059031905111069,0.0059031905111069,0.0059031905111069,0.0059031905111069,0.0059031905111069,0.0059031905111069,0.0059031905111069,0.0034727463183023,0.0059031905111069,0.0044977398528024,0.0059031905111069,0.0265094895254753,0.0059031905111069,0.0059031905111069,0.0044977398528024,0.0078694352563675,0.0059031905111069,0.0213982371818668,0.0044977398528024,0.0059031905111069,0.0059031905111069,0.0059031905111069,0.0059031905111069,0.0102646568844272,0.0059031905111069,0.0059031905111069,0.0059031905111069,0.0059031905111069,0.0059031905111069,0.0059031905111069,0.0059031905111069,0.0059031905111069,0.0059031905111069,0.0059031905111069,0.0059031905111069,0.0044977398528024,0.0059031905111069,0.0059031905111069,0.0059031905111069,0.0059031905111069,0.0059031905111069,0.0059031905111069
0.0315359101307735,0.0005009404794855,0.0494079656603931,0.0001269164125617,0.0383047706966449,0.0008990461370617,0.0494079656603931,0.0841575411399997,0.0878075935442901,0.0163526320023380,1.0000000000000000,0.0017036051577956,0.0034727463183023,0.0007358581348181,0.0005009404794855,0.0007358581348181,0.0315359101307735,0.0017036051577956,0.0494079656603931,0.0000929744774272,0.0002068472060479,0.0008990461370617,0.0001489038402976,0.0494079656603931,0.0021400104346365,0.0078694352563675,0.0841575411399997,0.0841575411399997,0.0494079656603931,0.0145600992816960,0.0841575411399997,0.0059031905111069,0.0315359101307735,0.0078694352563675,0.0017036051577956,0.0005009404794855,0.0078694352563675,0.0106875989495088,0.0078694352563675,0.0059031905111069,0.0315359101307735,0.0034727463183023,0.0494079656603931,0.0315359101307735,0.0841575411399997,0.0841575411399997,0.0841575411399997,0.0494079656603931,0.0841575411399997,0.0494079656603931,0.0494079656603931,0.0841575411399997,0.0212331446455057,0.0494079656603931,0.0531907249299425,0.0841575411399997,0.0841575411399997,0.0494079656603931,0.0494079656603931,0.0078694352563675,0.0901672615409931,0.0841575411399997,0.0941270362756210,0.0546408179107630,0.0106875989495088,0.0148492095649303,0.0494079656603931,0.0315359101307735,0.0212331446455057,0.0494079656603931,0.1042681967423432,0.0914136449350882,0.0494079656603931,0.0841575411399997,0.0884992360995835,0.0841575411399997,0.0841575411399997,0.0841575411399997,0.0148492095649303,0.0494079656603931,0.0494079656603931,0.0059031905111069,0.0841575411399997,0.0212331446455057,0.0323255685865546,0.0841575411399997,0.0841575411399997,0.0494079656603931,0.0841575411399997,0.0841575411399997,0.0841575411399997,0.0841575411399997,0.0841575411399997,0.0106875989495088,0.0841575411399997,0.0841575411399997,0.0148492095649303,0.0841575411399997,0.0536063890466527,0.0940945663198538,0.0148492095649303,0.0494079656603931,0.0841575411399997,0.0344520915849471,0.0875609477827445,0.0212331446455057,0.0556399296308539,0.0841575411399997,0.0212331446455057,0.0494079656603931,0.0841575411399997,0.0841575411399997,0.0841575411399997,0.0292343197607548,0.0841575411399997,0.0841575411399997,0.0927493554164040,0.0841575411399997,0.0841575411399997,0.0841575411399997,0.0841575411399997,0.0841575411399997,0.0315359101307735,0.0841575411399997,0.0494079656603931,0.0841575411399997,0.0974479883266811,0.0841575411399997,0.0841575411399997,0.0494079656603931,0.0494079656603931,0.0841575411399997,0.0494079656603931,0.0494079656603931,0.0841575411399997,0.0841575411399997,0.0841575411399997,0.0841575411399997,0.0882199915192848,0.0841575411399997,0.0841575411399997,0.0841575411399997,0.0841575411399997,0.0841575411399997,0.0841575411399997,0.0841575411399997,0.0841575411399997,0.0841575411399997,0.0841575411399997,0.0841575411399997,0.0494079656603931,0.0841575411399997,0.0841575411399997,0.0841575411399997,0.0841575411399997,0.0841575411399997,0.0841575411399997
0.0007358581348181,0.0190701924721263,0.0013671010184925,0.0114835934008933,0.0011050151419736,0.0056864221973933,0.0008990461370617,0.0011050151419736,0.0011050151419736,0.0008990461370617,0.0017036051577956,1.0000000000000000,0.0085121820772107,0.0132012019149095,0.0284750226271380,0.0101660990045244,0.0262462880537894,0.0053636879432463,0.0097204198553156,0.0103672604605868,0.0090194177985215,0.0126492892430173,0.0191317406042023,0.0013671010184925,0.0413765191385684,0.0168435698370221,0.0108631791462320,0.0126850039693989,0.0008990461370617,0.0006056068839939,0.0011050151419736,0.0002912237910209,0.0452401874830881,0.0422029737780065,0.0230863205641098,0.0204695194197128,0.0102631618354430,0.0056913716712876,0.0136950385555173,0.0120823454171792,0.0114158476962166,0.0351076212592003,0.0201196446216227,0.0017036051577956,0.0017036051577956,0.0017036051577956,0.0058800630560969,0.0013671010184925,0.0061538429790618,0.0013671010184925,0.0021400104346365,0.0017036051577956,0.0131140616030242,0.0261180762750720,0.0013671010184925,0.0017036051577956,0.0017036051577956,0.0093791164281620,0.0013671010184925,0.0110302953109293,0.0069469841153072,0.0017036051577956,0.0054202869153895,0.0013671010184925,0.0105246089838227,0.0370089085198506,0.0021400104346365,0.0011050151419736,0.0046148790928259,0.0056859742387165,0.0011050151419736,0.0011050151419736,0.0008990461370617,0.0011050151419736,0.0055734533255018,0.0011050151419736,0.0011050151419736,0.0059468246143775,0.0075325836639110,0.0073644803363638,0.0013671010184925,0.0281385184878348,0.0229178936964930,0.0013671010184925,0.0021400104346365,0.0060883158489387,0.0237341638607058,0.0013671010184925,0.0089842155176507,0.0093386587962096,0.0017036051577956,0.0097156205674652,0.0104118657874201,0.0069281058966242,0.0017036051577956,0.0229762857438480,0.0168024737362699,0.0017036051577956,0.0114798961665367,0.0017036051577956,0.0045603747202955,0.0013671010184925,0.0052395763123603,0.0306176524610746,0.0017036051577956,0.0071189774413811,0.0013671010184925,0.0125360183040011,0.0217176628479552,0.0090262339749724,0.0017036051577956,0.0017036051577956,0.0017036051577956,0.0021400104346365,0.0058973406761995,0.0157936932599560,0.0017036051577956,0.0056847081016154,0.0017036051577956,0.0151773740526181,0.0092889334434805,0.0489722258974457,0.0055866004455693,0.0077009844756670,0.0818686600040476,0.0017036051577956,0.0017036051577956,0.0017036051577956,0.0017036051577956,0.0013671010184925,0.0069396180676212,0.0051842967109178,0.0008990461370617,0.0008990461370617,0.0011050151419736,0.0011050151419736,0.0011050151419736,0.0071023944598449,0.0011050151419736,0.0011050151419736,0.0048498440821786,0.0017036051577956,0.0166316823048949,0.0069167513317188,0.0068801299997364,0.0017036051577956,0.0057605504625026,0.0060883158489387,0.0049766874748690,0.0011050151419736,0.0008990461370617,0.0095103595697483,0.0077009844756670,0.0061538429790618,0.0017036051577956,0.0211280869115341,0.0076690475261944
0.0021400104346365,0.0267744380872219,0.0027123856341095,0.0058447066301481,0.0034727463183023,0.0425190529912910,0.0027123856341095,0.0034727463183023,0.0034727463183023,0.0011050151419736,0.0034727463183023,0.0085121820772107,1.0000000000000000,0.0100917487966458,0.0084425843337778,0.0134411902279105,0.0160076154802423,0.0202466373243280,0.0333731821045209,0.0118294366671591,0.0051182565092909,0.0099185584635976,0.0093052874227162,0.0027123856341095,0.0087816279758021,0.0116655194898650,0.0078115408810861,0.0087110618860504,0.0027123856341095,0.0017036051577956,0.0034727463183023,0.0007358581348181,0.0074039942388175,0.0105605612970651,0.0135811825642374,0.0073781686361269,0.0149589891067488,0.0194227086135630,0.0111422902572612,0.0120006770239454,0.0100917487966458,0.0104420453053433,0.0118402597535529,0.0059031905111069,0.0059031905111069,0.0059031905111069,0.0198964158333830,0.0044977398528024,0.0210774816678599,0.0044977398528024,0.0078694352563675,0.0059031905111069,0.0044977398528024,0.0078694352563675,0.0044977398528024,0.0059031905111069,0.0059031905111069,0.0329168349178988,0.0044977398528024,0.0178342076228209,0.0228309447123518,0.0059031905111069,0.0255465306093947,0.0044977398528024,0.0027123856341095,0.0121483855937797,0.0078694352563675,0.0034727463183023,0.0142808675713781,0.0357996453749950,0.0034727463183023,0.0034727463183023,0.0027123856341095,0.0034727463183023,0.0034727463183023,0.0034727463183023,0.0034727463183023,0.0194613935018546,0.0235042127092792,0.0400616258089949,0.0044977398528024,0.0076822236495850,0.0166362503153551,0.0044977398528024,0.0078694352563675,0.0207913238683880,0.0163120559253711,0.0044977398528024,0.0269262263279668,0.0270692366341406,0.0059031905111069,0.0558458586828461,0.0308690647636842,0.0382791335928401,0.0059031905111069,0.0059031905111069,0.0174907540361658,0.0059031905111069,0.0305452701109140,0.0059031905111069,0.0338824446547749,0.0044977398528024,0.0561169207769682,0.0109651981570061,0.0059031905111069,0.0148492095649303,0.0044977398528024,0.0366324014136285,0.0169366256614879,0.0078694352563675,0.0059031905111069,0.0059031905111069,0.0059031905111069,0.0078694352563675,0.0201830692977558,0.0127063455977639,0.0059031905111069,0.0190782863718280,0.0059031905111069,0.0197288382052130,0.0034727463183023,0.0110335257333635,0.0156969959957334,0.0269489862646777,0.0152134081876076,0.0059031905111069,0.0059031905111069,0.0059031905111069,0.0059031905111069,0.0044977398528024,0.0044977398528024,0.0170563717786379,0.0027123856341095,0.0027123856341095,0.0034727463183023,0.0034727463183023,0.0034727463183023,0.0245185420718731,0.0034727463183023,0.0034727463183023,0.0136864445914211,0.0034727463183023,0.0034727463183023,0.0210204378157591,0.0208637824770361,0.0034727463183023,0.0175643223319693,0.0183608796755834,0.0167320628444439,0.0034727463183023,0.0027123856341095,0.0059031905111069,0.0269489862646777,0.0210774816678599,0.0059031905111069,0.0034727463183023,0.0034727463183023
