1.0000000000000000,0.0001113201065523,0.0109795479245318,0.0000282036472359,0.0482375986019778,0.0001345793075542,0.0047184765878902,0.0070079800290608,0.0070079800290608,0.0007717214040672,0.0070079800290608,0.0001635240299596,0.0004755578743637,0.0001113201065523,0.0000772195641334,0.0001113201065523,0.0032998243477623,0.0002455589204386,0.0047184765878902,0.0000152908669763,0.0000330897422884,0.0001345793075542,0.0000241071329302,0.0047184765878902,0.0003038002263317,0.0009994977450672,0.0070079800290608,0.0070079800290608,0.0047184765878902,0.0013118201135793,0.0070079800290608,0.0007717214040672,0.0032998243477623,0.0009994977450672,0.0002455589204386,0.0000772195641334,0.0009994977450672,0.0013118201135793,0.0009994977450672,0.0007717214040672,0.0032998243477623,0.0004755578743637,0.0047184765878902,0.0032998243477623,0.0070079800290608,0.0070079800290608,0.0454391816518939,0.0047184765878902,0.0070079800290608,0.0047184765878902,0.0047184765878902,0.0070079800290608,0.0023750219887797,0.0047184765878902,0.0047184765878902,0.0070079800290608,0.0070079800290608,0.0047184765878902,0.0047184765878902,0.0009994977450672,0.0070079800290608,0.0070079800290608,0.0070079800290608,0.0047184765878902,0.0013118201135793,0.0017487633903039,0.0047184765878902,0.0032998243477623,0.0367268826723391,0.0047184765878902,0.0070079800290608,0.0070079800290608,0.0047184765878902,0.0070079800290608,0.0070079800290608,0.0070079800290608,0.0070079800290608,0.0512652655642214,0.0473098717141775,0.0047184765878902,0.1138999403409834,0.0007717214040672,0.0070079800290608,0.0023750219887797,0.0023750219887797,0.0417991127875545,0.0070079800290608,0.0047184765878902,0.0070079800290608,0.0070079800290608,0.0070079800290608,0.0070079800290608,0.0070079800290608,0.0013118201135793,0.0070079800290608,0.0070079800290608,0.0017487633903039,0.1022533218487201,0.0047184765878902,0.0070079800290608,0.0017487633903039,0.0047184765878902,0.0070079800290608,0.0032998243477623,0.0070079800290608,0.0023750219887797,0.0047184765878902,0.0070079800290608,0.0023750219887797,0.0047184765878902,0.0070079800290608,0.0070079800290608,0.0070079800290608,0.0023750219887797,0.0070079800290608,0.0070079800290608,0.0610769530261225,0.0070079800290608,0.0070079800290608,0.0070079800290608,0.0665052402335338,0.0070079800290608,0.0380087269700803,0.0070079800290608,0.0047184765878902,0.0070079800290608,0.0070079800290608,0.0070079800290608,0.0070079800290608,0.0109795479245318,0.0047184765878902,0.0070079800290608,0.0047184765878902,0.0047184765878902,0.0730881095145731,0.0070079800290608,0.0070079800290608,0.0070079800290608,0.0187016758088888,0.0070079800290608,0.0853790782497993,0.0070079800290608,0.0070079800290608,0.0461919667371141,0.0547009483799397,0.0419235701627298,0.0070079800290608,0.0417991127875545,0.0070079800290608,0.0070079800290608,0.0047184765878902,0.0070079800290608,0.0070079800290608,0.0070079800290608,0.0070079800290608,0.0070079800290608,0.0674298371609519
0.0001113201065523,1.0000000000000000,0.0001997880304582,0.1960230799198976,0.0001113201065523,0.2130334815583279,0.0001345793075542,0.0001113201065523,0.0001113201065523,0.0000647163980046,0.0001113201065523,0.1468381987284245,0.2072029236317398,0.1931285232793700,0.1806138781539608,0.1374177078845717,0.1535364094491661,0.2068750391069062,0.1313376578332147,0.1674159797250788,0.1567980949343647,0.2071349203962232,0.2581376262454428,0.0000925133832828,0.1733057378534708,0.1785192865141137,0.1766856505373091,0.1960053263555729,0.0000925133832828,0.0000647163980046,0.0001113201065523,0.0000459660457884,0.1562467279778344,0.1979618105740601,0.1458867801507518,0.1961403650299558,0.1767535556627481,0.2688349490400462,0.1961914192762028,0.1888186456791203,0.1930464883888910,0.1871761346442641,0.2742835804295981,0.0001635240299596,0.0001635240299596,0.0001635240299596,0.1988457499935433,0.0001345793075542,0.2271530487177413,0.0001345793075542,0.0001997880304582,0.0001635240299596,0.0001997880304582,0.0001997880304582,0.0001345793075542,0.0001635240299596,0.0001635240299596,0.3672397639300372,0.0001997880304582,0.1559507846487626,0.1554701029009631,0.0001635240299596,0.2044724839775392,0.0001997880304582,0.0001997880304582,0.2020772030256831,0.0001997880304582,0.0001635240299596,0.2043029772096856,0.1855906875560058,0.0001113201065523,0.0001113201065523,0.0000925133832828,0.0001113201065523,0.0001113201065523,0.0001113201065523,0.0001113201065523,0.1915327277011806,0.2244584979290480,0.3038995820104346,0.0001345793075542,0.1805681072639804,0.3672687086524426,0.0001997880304582,0.0003038002263317,0.2200410863181214,0.1520921306282725,0.0001345793075542,0.2253332350883471,0.1775039680668892,0.0001635240299596,0.3672687086524426,0.2299448259244549,0.2148843558566221,0.0001635240299596,0.0001635240299596,0.2317194837843128,0.0001635240299596,0.1812382007502589,0.0001635240299596,0.2148480918561235,0.0001345793075542,0.2262072387961689,0.1478503048816028,0.0001635240299596,0.0001997880304582,0.0001345793075542,0.2363407644540441,0.1543195238734875,0.0001997880304582,0.0001635240299596,0.0001635240299596,0.0001635240299596,0.0001997880304582,0.2688116898390444,0.2316374488938338,0.0001635240299596,0.1808559788163984,0.0001635240299596,0.2112375787800276,0.0001113201065523,0.1897019856609352,0.1301141803829511,0.3039285267328400,0.1335142375013483,0.0001635240299596,0.0001635240299596,0.0001635240299596,0.0001635240299596,0.0001345793075542,0.0001997880304582,0.1896759283275228,0.0001997880304582,0.0001345793075542,0.0001635240299596,0.0001635240299596,0.0001113201065523,0.3038763228094328,0.0001113201065523,0.0001113201065523,0.1479167337017623,0.0001635240299596,0.0001635240299596,0.2219217636320703,0.2187090171737747,0.0001635240299596,0.2484104012774628,0.2200410863181214,0.2232650738727950,0.0001113201065523,0.0001345793075542,0.0001113201065523,0.3038763228094328,0.2271530487177413,0.0001635240299596,0.0001635240299596,0.0001635240299596
0.0109795479245318,0.0001997880304582,1.0000000000000000,0.0000459660457884,0.0109795479245318,0.0001635240299596,0.4324415784922354,0.0109795479245318,0.0109795479245318,0.0009994977450672,0.0109795479245318,0.0003038002263317,0.0006027523631355,0.0001997880304582,0.0001345793075542,0.0001345793075542,0.0047184765878902,0.0003038002263317,0.0070079800290608,0.0000241071329302,0.0000544442036304,0.0001635240299596,0.0000389384631509,0.0070079800290608,0.0006027523631355,0.0023750219887797,0.0109795479245318,0.0109795479245318,0.0070079800290608,0.0017487633903039,0.0109795479245318,0.0009994977450672,0.0047184765878902,0.0013118201135793,0.0004755578743637,0.0001345793075542,0.0013118201135793,0.0017487633903039,0.0013118201135793,0.0009994977450672,0.0047184765878902,0.0009994977450672,0.0187016758088888,0.0806014316230455,0.0109795479245318,0.0819333107755545,0.0109795479245318,0.0888172924663412,0.0109795479245318,0.2661705897902952,0.1697366844085019,0.2340269497125766,0.0032998243477623,0.0070079800290608,0.0784310549405930,0.1044968469181913,0.0109795479245318,0.0070079800290608,0.2300553818171056,0.0013118201135793,0.0109795479245318,0.0850391293596979,0.0109795479245318,0.0866607490061883,0.0032998243477623,0.0047184765878902,0.1241024305601842,0.0047184765878902,0.0032998243477623,0.0070079800290608,0.0109795479245318,0.0109795479245318,0.0070079800290608,0.0109795479245318,0.1268769052402742,0.0109795479245318,0.0109795479245318,0.0109795479245318,0.0047184765878902,0.0070079800290608,0.0070079800290608,0.0017487633903039,0.0109795479245318,0.0032998243477623,0.0032998243477623,0.0109795479245318,0.0109795479245318,0.0070079800290608,0.0109795479245318,0.0109795479245318,0.0109795479245318,0.0109795479245318,0.0109795479245318,0.0017487633903039,0.0109795479245318,0.0109795479245318,0.0023750219887797,0.0109795479245318,0.0070079800290608,0.0109795479245318,0.0023750219887797,0.0476341264597204,0.0109795479245318,0.0047184765878902,0.0109795479245318,0.0032998243477623,0.0070079800290608,0.0109795479245318,0.0032998243477623,0.2013871562730583,0.0109795479245318,0.0109795479245318,0.2589255862773563,0.0032998243477623,0.0109795479245318,0.0109795479245318,0.0109795479245318,0.0109795479245318,0.0109795479245318,0.0109795479245318,0.0109795479245318,0.0109795479245318,0.0619527770705862,0.0109795479245318,0.0070079800290608,0.0109795479245318,0.0109795479245318,0.0109795479245318,0.0109795479245318,0.0070079800290608,0.0755686939029224,0.0109795479245318,0.0070079800290608,0.0070079800290608,0.0454074155751611,0.0109795479245318,0.0109795479245318,0.0109795479245318,0.0109795479245318,0.0109795479245318,0.0374378953176077,0.0374378953176077,0.0374378953176077,0.0374378953176077,0.0374378953176077,0.0374378953176077,0.0374378953176077,0.0374378953176077,0.0109795479245318,0.0109795479245318,0.0070079800290608,0.0109795479245318,0.0109795479245318,0.0109795479245318,0.0109795479245318,0.0109795479245318,0.0109795479245318
0.0000282036472359,0.1960230799198976,0.0000459660457884,1.0000000000000000,0.0000389384631509,0.0346579336579961,0.0000241071329302,0.0000282036472359,0.0000282036472359,0.0000132009468009,0.0000282036472359,0.0879725434778144,0.0420473772767882,0.0636725366913975,0.0829590777613884,0.2998511126544745,0.0739125773591603,0.0340513521274085,0.0661934599125028,0.2039415986937401,0.3259209799273132,0.0901284947538624,0.1620986893188704,0.0000241071329302,0.0676527470684922,0.4238028175803452,0.0684222850033230,0.0868906143829345,0.0000241071329302,0.0000241071329302,0.0000282036472359,0.0000099035038675,0.0918554165611746,0.0735929278144580,0.0602502907437774,0.0869359758899199,0.0684580683901141,0.0396905947919329,0.2259204524024803,0.3218513230656056,0.0633484019710733,0.2700270824185644,0.1680312436855433,0.0000544442036304,0.0000389384631509,0.0000389384631509,0.0331393398648363,0.0000330897422884,0.0359720839185410,0.0000330897422884,0.0000459660457884,0.0000389384631509,0.0000459660457884,0.0000459660457884,0.0000330897422884,0.0000389384631509,0.0000389384631509,0.0748209655660706,0.0000330897422884,0.0607023423184812,0.0435483796751013,0.0000389384631509,0.0283590155306846,0.0000459660457884,0.0000459660457884,0.1092185180177324,0.0000459660457884,0.0000544442036304,0.0283294519931301,0.0266906068264928,0.0000282036472359,0.0000282036472359,0.0000241071329302,0.0000282036472359,0.0000282036472359,0.0000282036472359,0.0000282036472359,0.0398669317433525,0.0560233565990962,0.0526696385462414,0.0000330897422884,0.0824210417962576,0.1980629680983399,0.0890573690427728,0.0000647163980046,0.0352844610044530,0.0619327946052615,0.0000330897422884,0.0357945499700478,0.0378983477862609,0.0579320413552414,0.0748268142869331,0.0447853783765564,0.0256008510092414,0.0000389384631509,0.0000389384631509,0.3094851303581385,0.0000389384631509,0.0783001862328221,0.0000389384631509,0.0255472760891095,0.0000330897422884,0.0263329163905255,0.0883130983234243,0.0000389384631509,0.0000647163980046,0.0000330897422884,0.0579132429523000,0.0763720168653363,0.0000459660457884,0.1110084935019256,0.0000389384631509,0.0000389384631509,0.0000459660457884,0.0396648168570791,0.6135128197612368,0.0000389384631509,0.3737220463074292,0.0000389384631509,0.1124020679406980,0.0000282036472359,0.0850882153863907,0.0304288535123909,0.0526754872671040,0.0669571489017508,0.0000389384631509,0.0000389384631509,0.0000389384631509,0.0000389384631509,0.0000330897422884,0.0000330897422884,0.0321588677470461,0.0000330897422884,0.0000330897422884,0.0000389384631509,0.0000389384631509,0.0000282036472359,0.0526647524511890,0.0000282036472359,0.0000282036472359,0.0229724481651388,0.0000389384631509,0.0000389384631509,0.0438123187067114,0.0434169995194013,0.0000389384631509,0.0318111051148058,0.0352844610044530,0.0298973086434974,0.0000389384631509,0.0000241071329302,0.0000389384631509,0.0526754872671040,0.0359720839185410,0.0000389384631509,0.0000389384631509,0.0000389384631509
0.0482375986019778,0.0001113201065523,0.0109795479245318,0.0000389384631509,1.0000000000000000,0.0001997880304582,0.0047184765878902,0.0070079800290608,0.0430433813667631,0.0533397456576560,0.0611588645560317,0.0002455589204386,0.0007717214040672,0.0001635240299596,0.0001113201065523,0.0001635240299596,0.0032998243477623,0.0003785789239546,0.0047184765878902,0.0000206609949838,0.0000459660457884,0.0001345793075542,0.0000330897422884,0.0047184765878902,0.0003038002263317,0.0009994977450672,0.0070079800290608,0.0070079800290608,0.0047184765878902,0.0389403393441718,0.0070079800290608,0.0007717214040672,0.0032998243477623,0.0009994977450672,0.0003785789239546,0.0001113201065523,0.0009994977450672,0.0013118201135793,0.0009994977450672,0.0013118201135793,0.0032998243477623,0.0004755578743637,0.0047184765878902,0.0032998243477623,0.0070079800290608,0.0070079800290608,0.0441647805621424,0.0047184765878902,0.0070079800290608,0.0047184765878902,0.0047184765878902,0.0070079800290608,0.0023750219887797,0.0047184765878902,0.0435027349800730,0.0070079800290608,0.0070079800290608,0.0047184765878902,0.0047184765878902,0.0009994977450672,0.0606902772417189,0.0070079800290608,0.0489086026683591,0.0553726176797621,0.0013118201135793,0.0017487633903039,0.0047184765878902,0.0032998243477623,0.0343054496329300,0.0047184765878902,0.0070079800290608,0.0070079800290608,0.0047184765878902,0.0070079800290608,0.0070079800290608,0.0070079800290608,0.0070079800290608,0.0514368023551400,0.0478007358917120,0.0047184765878902,0.3506369834910770,0.0007717214040672,0.0070079800290608,0.0023750219887797,0.0023750219887797,0.0394563435030573,0.0070079800290608,0.0047184765878902,0.0070079800290608,0.0070079800290608,0.0070079800290608,0.0070079800290608,0.0070079800290608,0.0023750219887797,0.0070079800290608,0.0070079800290608,0.0017487633903039,0.0425817484779360,0.0458841477792362,0.0933415985300408,0.0017487633903039,0.0047184765878902,0.0070079800290608,0.0335986587931123,0.0407134434667617,0.0023750219887797,0.0047184765878902,0.0070079800290608,0.0023750219887797,0.0047184765878902,0.0070079800290608,0.0070079800290608,0.0070079800290608,0.0728398110724916,0.0070079800290608,0.0070079800290608,0.1538879553166387,0.0070079800290608,0.0070079800290608,0.0070079800290608,0.1722170041844413,0.0070079800290608,0.0364847669017502,0.0070079800290608,0.0047184765878902,0.0070079800290608,0.0535790163327411,0.0070079800290608,0.0070079800290608,0.0047184765878902,0.0047184765878902,0.0070079800290608,0.0047184765878902,0.0047184765878902,0.0773743810005075,0.0070079800290608,0.0070079800290608,0.0070079800290608,0.0469088690617278,0.0070079800290608,0.0287636164617063,0.0070079800290608,0.0070079800290608,0.0450794787076486,0.0557625394926256,0.0400093377215576,0.0070079800290608,0.0394563435030573,0.0070079800290608,0.0070079800290608,0.0047184765878902,0.0187016758088888,0.0187016758088888,0.0070079800290608,0.0070079800290608,0.0070079800290608,0.1754202836790844
0.0001345793075542,0.2130334815583279,0.0001635240299596,0.0346579336579961,0.0001997880304582,1.0000000000000000,0.0001635240299596,0.0001997880304582,0.0001997880304582,0.0001113201065523,0.0001997880304582,0.0348583696575380,0.3190560912205868,0.0257169183040249,0.0328112690641362,0.1204960552120717,0.1161915646505552,0.0951523636798114,0.3984181005615829,0.1388208460622357,0.0252495241068585,0.0364504038074954,0.0647586391380002,0.0002455589204386,0.0277968693638403,0.0402816257605074,0.0274667358339478,0.0348638640554694,0.0001635240299596,0.0001635240299596,0.0001997880304582,0.0000544442036304,0.0363119946786271,0.0300675252476125,0.1252912802712674,0.0346932105904945,0.1433985297426653,0.1121542920222849,0.0358772403882926,0.0254743970035309,0.0255451606559929,0.0417429339774681,0.0674436564021466,0.0004755578743637,0.0003038002263317,0.0003038002263317,0.0926795860314594,0.0002455589204386,0.2005391682312011,0.0002455589204386,0.0003785789239546,0.0003038002263317,0.0003785789239546,0.0003785789239546,0.0002455589204386,0.0003038002263317,0.0003038002263317,0.2122124214616854,0.0002455589204386,0.1554796741923413,0.1224637008617824,0.0003038002263317,0.1400557118740459,0.0003785789239546,0.0002455589204386,0.0438331599805787,0.0003785789239546,0.0003038002263317,0.0794688675992844,0.6154888085624358,0.0001997880304582,0.0001997880304582,0.0001635240299596,0.0001997880304582,0.0001997880304582,0.0001997880304582,0.0001997880304582,0.1109644813349212,0.1560798980964617,0.2748652310645101,0.0002455589204386,0.0329222486770206,0.0803574756499454,0.0006027523631355,0.0006027523631355,0.0990116565174104,0.1290441048333161,0.0002455589204386,0.1513635480638826,0.2211792008239231,0.0003038002263317,0.3995883062523892,0.1857205285590405,0.5926532068197443,0.0003038002263317,0.0003038002263317,0.0479813466542750,0.0003038002263317,0.1970998945262064,0.0003038002263317,0.4145525806135111,0.0002455589204386,0.2667735053025693,0.0351929207160010,0.0003038002263317,0.0006027523631355,0.0002455589204386,0.2356528310272826,0.0996975628600805,0.0003785789239546,0.0003038002263317,0.0003038002263317,0.0003038002263317,0.0003785789239546,0.2223563223804116,0.0478095890062430,0.0003038002263317,0.0869379202199672,0.0003038002263317,0.1650955727849517,0.0001997880304582,0.0341047994724507,0.0837627210570444,0.1490408983802393,0.1387913905842218,0.0003038002263317,0.0003038002263317,0.0003038002263317,0.0003038002263317,0.0002455589204386,0.0002455589204386,0.0897999945651561,0.0002455589204386,0.0002455589204386,0.0003038002263317,0.0003038002263317,0.0001997880304582,0.1489368861843658,0.0001997880304582,0.0001997880304582,0.0636888366388872,0.0001997880304582,0.0001997880304582,0.1225088513964777,0.1213433967999786,0.0001997880304582,0.0897272541551934,0.0989076443215369,0.0840426933876106,0.0001997880304582,0.0001635240299596,0.0003038002263317,0.1490408983802393,0.2004351560353276,0.0001997880304582,0.0001997880304582,0.0001997880304582
0.0047184765878902,0.0001345793075542,0.4324415784922354,0.0000241071329302,0.0047184765878902,0.0001635240299596,1.0000000000000000,0.0374378953176077,0.0109795479245318,0.0017487633903039,0.0109795479245318,0.0001997880304582,0.0006027523631355,0.0001345793075542,0.0000925133832828,0.0001345793075542,0.0047184765878902,0.0003038002263317,0.0070079800290608,0.0000177527024945,0.0000389384631509,0.0001635240299596,0.0000282036472359,0.0070079800290608,0.0003785789239546,0.0013118201135793,0.0109795479245318,0.0109795479245318,0.0070079800290608,0.0017487633903039,0.0109795479245318,0.0017487633903039,0.0047184765878902,0.0013118201135793,0.0003038002263317,0.0001345793075542,0.0023750219887797,0.0017487633903039,0.0013118201135793,0.0009994977450672,0.0047184765878902,0.0006027523631355,0.0070079800290608,0.0645209702844673,0.0109795479245318,0.0666376595534017,0.0109795479245318,0.0744308562412393,0.0109795479245318,0.2621711821538648,0.1335922692713235,0.1952782028518959,0.0032998243477623,0.0070079800290608,0.0653822651242438,0.0109795479245318,0.0109795479245318,0.0070079800290608,0.2030003307362529,0.0013118201135793,0.0109795479245318,0.0716365207829758,0.0109795479245318,0.0725392987419630,0.0017487633903039,0.0023750219887797,0.1098772042233260,0.0047184765878902,0.0070079800290608,0.0070079800290608,0.0109795479245318,0.0109795479245318,0.0070079800290608,0.0109795479245318,0.0996520277434481,0.0109795479245318,0.0109795479245318,0.0109795479245318,0.0023750219887797,0.0070079800290608,0.0070079800290608,0.0009994977450672,0.0109795479245318,0.0032998243477623,0.0032998243477623,0.0109795479245318,0.0109795479245318,0.0070079800290608,0.0109795479245318,0.0109795479245318,0.0109795479245318,0.0109795479245318,0.0109795479245318,0.0017487633903039,0.0109795479245318,0.0109795479245318,0.0023750219887797,0.0109795479245318,0.0070079800290608,0.0109795479245318,0.0023750219887797,0.0070079800290608,0.0109795479245318,0.0047184765878902,0.0109795479245318,0.0032998243477623,0.0070079800290608,0.0109795479245318,0.0032998243477623,0.3225570953838210,0.0109795479245318,0.0109795479245318,0.2255821071246070,0.0032998243477623,0.0109795479245318,0.0109795479245318,0.0109795479245318,0.0109795479245318,0.0109795479245318,0.0109795479245318,0.0109795479245318,0.0109795479245318,0.0457086223348795,0.0109795479245318,0.0070079800290608,0.0109795479245318,0.0109795479245318,0.0109795479245318,0.0109795479245318,0.0070079800290608,0.0746083222293050,0.0109795479245318,0.0187016758088888,0.0070079800290608,0.0109795479245318,0.0109795479245318,0.0109795479245318,0.0109795479245318,0.0109795479245318,0.0109795479245318,0.0109795479245318,0.0109795479245318,0.0109795479245318,0.0109795479245318,0.0109795479245318,0.0109795479245318,0.0109795479245318,0.0109795479245318,0.0109795479245318,0.0109795479245318,0.0070079800290608,0.0109795479245318,0.0109795479245318,0.0109795479245318,0.0109795479245318,0.0109795479245318,0.0109795479245318
0.0070079800290608,0.0001113201065523,0.0109795479245318,0.0000282036472359,0.0070079800290608,0.0001997880304582,0.0374378953176077,1.0000000000000000,0.0187016758088888,0.0013118201135793,0.0187016758088888,0.0002455589204386,0.0007717214040672,0.0001635240299596,0.0001113201065523,0.0001635240299596,0.0070079800290608,0.0003785789239546,0.0109795479245318,0.0000206609949838,0.0000459660457884,0.0001997880304582,0.0000330897422884,0.0109795479245318,0.0004755578743637,0.0017487633903039,0.0187016758088888,0.0187016758088888,0.0109795479245318,0.0023750219887797,0.0187016758088888,0.0013118201135793,0.0070079800290608,0.0017487633903039,0.0003785789239546,0.0001113201065523,0.0017487633903039,0.0023750219887797,0.0017487633903039,0.0013118201135793,0.0070079800290608,0.0007717214040672,0.0109795479245318,0.0070079800290608,0.0187016758088888,0.0187016758088888,0.0187016758088888,0.0109795479245318,0.0187016758088888,0.0109795479245318,0.0109795479245318,0.0187016758088888,0.0047184765878902,0.0109795479245318,0.0109795479245318,0.0187016758088888,0.0187016758088888,0.0109795479245318,0.0109795479245318,0.0017487633903039,0.0187016758088888,0.0187016758088888,0.0187016758088888,0.0109795479245318,0.0023750219887797,0.0032998243477623,0.0109795479245318,0.0070079800290608,0.0047184765878902,0.0109795479245318,0.0187016758088888,0.0187016758088888,0.0109795479245318,0.0187016758088888,0.0187016758088888,0.0187016758088888,0.0187016758088888,0.0187016758088888,0.0032998243477623,0.0109795479245318,0.0109795479245318,0.0013118201135793,0.0187016758088888,0.0047184765878902,0.0047184765878902,0.0187016758088888,0.0187016758088888,0.0109795479245318,0.0187016758088888,0.0187016758088888,0.0187016758088888,0.0187016758088888,0.0187016758088888,0.0023750219887797,0.0187016758088888,0.0187016758088888,0.0032998243477623,0.0187016758088888,0.0109795479245318,0.0187016758088888,0.0032998243477623,0.0109795479245318,0.0187016758088888,0.0070079800290608,0.0187016758088888,0.0047184765878902,0.0109795479245318,0.0187016758088888,0.0047184765878902,0.0109795479245318,0.0187016758088888,0.0187016758088888,0.0187016758088888,0.0047184765878902,0.0187016758088888,0.0187016758088888,0.0187016758088888,0.0187016758088888,0.0187016758088888,0.0187016758088888,0.0187016758088888,0.0187016758088888,0.0070079800290608,0.0187016758088888,0.0109795479245318,0.0187016758088888,0.0187016758088888,0.0187016758088888,0.0187016758088888,0.1597508324256172,0.0109795479245318,0.0187016758088888,0.0109795479245318,0.0109795479245318,0.0187016758088888,0.0187016758088888,0.0187016758088888,0.0187016758088888,0.0187016758088888,0.0187016758088888,0.0187016758088888,0.0187016758088888,0.0187016758088888,0.0187016758088888,0.0187016758088888,0.0187016758088888,0.0187016758088888,0.0187016758088888,0.0187016758088888,0.0187016758088888,0.0109795479245318,0.0187016758088888,0.0187016758088888,0.0187016758088888,0.0187016758088888,0.0187016758088888,0.0187016758088888
0.0070079800290608,0.0001113201065523,0.0109795479245318,0.0000282036472359,0.0430433813667631,0.0001997880304582,0.0109795479245318,0.0187016758088888,1.0000000000000000,0.1805555931710069,0.0479020950432114,0.0002455589204386,0.0007717214040672,0.0001635240299596,0.0001113201065523,0.0001635240299596,0.0070079800290608,0.0003785789239546,0.0109795479245318,0.0000206609949838,0.0000459660457884,0.0001997880304582,0.0000330897422884,0.0109795479245318,0.0004755578743637,0.0017487633903039,0.0187016758088888,0.0187016758088888,0.0109795479245318,0.3055918629557744,0.0187016758088888,0.0013118201135793,0.0070079800290608,0.0017487633903039,0.0003785789239546,0.0001113201065523,0.0017487633903039,0.0023750219887797,0.0017487633903039,0.0013118201135793,0.0070079800290608,0.0007717214040672,0.0109795479245318,0.0070079800290608,0.0187016758088888,0.0187016758088888,0.0187016758088888,0.0109795479245318,0.0187016758088888,0.0109795479245318,0.0109795479245318,0.0187016758088888,0.0047184765878902,0.0109795479245318,0.1095467769948041,0.0187016758088888,0.0187016758088888,0.0109795479245318,0.0109795479245318,0.0017487633903039,0.2407976402978110,0.0187016758088888,0.0408400678114769,0.1452627709324787,0.0023750219887797,0.0032998243477623,0.0109795479245318,0.0070079800290608,0.0047184765878902,0.0109795479245318,0.0187016758088888,0.0187016758088888,0.0109795479245318,0.0187016758088888,0.0718597159637111,0.0187016758088888,0.0187016758088888,0.0187016758088888,0.0032998243477623,0.0109795479245318,0.0109795479245318,0.0013118201135793,0.0187016758088888,0.0047184765878902,0.0047184765878902,0.0187016758088888,0.0187016758088888,0.1049090023395321,0.0187016758088888,0.0187016758088888,0.0587589471248691,0.0187016758088888,0.0187016758088888,0.0023750219887797,0.0782603838670403,0.0187016758088888,0.0032998243477623,0.0187016758088888,0.0349139770377038,0.1084789225850590,0.0032998243477623,0.0109795479245318,0.0187016758088888,0.0887704781978722,0.1380738014491530,0.0047184765878902,0.0882954397994846,0.0187016758088888,0.0756206477180361,0.0109795479245318,0.0187016758088888,0.0187016758088888,0.0541786600548233,0.2078239179637233,0.0187016758088888,0.0187016758088888,0.0187016758088888,0.0187016758088888,0.0187016758088888,0.0187016758088888,0.0187016758088888,0.0187016758088888,0.0070079800290608,0.0187016758088888,0.0109795479245318,0.0187016758088888,0.2217164594248523,0.0187016758088888,0.0683513488262322,0.0109795479245318,0.0109795479245318,0.0187016758088888,0.0109795479245318,0.0109795479245318,0.0187016758088888,0.0187016758088888,0.0187016758088888,0.0187016758088888,0.1547006433075543,0.0187016758088888,0.0187016758088888,0.0448924557037766,0.0187016758088888,0.0187016758088888,0.0187016758088888,0.0187016758088888,0.0187016758088888,0.0187016758088888,0.0187016758088888,0.0187016758088888,0.0931087071673747,0.0187016758088888,0.0187016758088888,0.0187016758088888,0.0187016758088888,0.0682294884499984,0.0187016758088888
0.0007717214040672,0.0000647163980046,0.0009994977450672,0.0000132009468009,0.0533397456576560,0.0001113201065523,0.0017487633903039,0.0013118201135793,0.1805555931710069,1.0000000000000000,0.0476952864114135,0.0001997880304582,0.0002455589204386,0.0000925133832828,0.0000459660457884,0.0001345793075542,0.0007717214040672,0.0001345793075542,0.0009994977450672,0.0000177527024945,0.0000282036472359,0.0001635240299596,0.0000282036472359,0.0017487633903039,0.0002455589204386,0.0007717214040672,0.0023750219887797,0.0023750219887797,0.0009994977450672,0.3552839932652965,0.1936901957480316,0.0834921017077067,0.0007717214040672,0.0003038002263317,0.0000925133832828,0.0000647163980046,0.0004755578743637,0.0003785789239546,0.0004755578743637,0.0002455589204386,0.0007717214040672,0.0001635240299596,0.0009994977450672,0.0013118201135793,0.0023750219887797,0.0023750219887797,0.0023750219887797,0.0017487633903039,0.0023750219887797,0.0017487633903039,0.0017487633903039,0.0023750219887797,0.0009994977450672,0.0017487633903039,0.1407715152005798,0.0023750219887797,0.0023750219887797,0.0017487633903039,0.0032998243477623,0.0004755578743637,0.1118677378740507,0.0023750219887797,0.0380077121667202,0.1873177267145097,0.0006027523631355,0.0007717214040672,0.0017487633903039,0.0013118201135793,0.0009994977450672,0.0009994977450672,0.0013118201135793,0.0013118201135793,0.0834921017077067,0.0838044240762188,0.0013118201135793,0.1212145125628503,0.0626053605242359,0.0013118201135793,0.0004755578743637,0.0009994977450672,0.0009994977450672,0.0002455589204386,0.0013118201135793,0.0006027523631355,0.0006027523631355,0.0013118201135793,0.0013118201135793,0.0009994977450672,0.0013118201135793,0.0013118201135793,0.0013118201135793,0.0013118201135793,0.0013118201135793,0.0003785789239546,0.0013118201135793,0.0013118201135793,0.0004755578743637,0.0013118201135793,0.0368548352193001,0.0735088435222509,0.0004755578743637,0.0009994977450672,0.0013118201135793,0.1128134140501894,0.0313722597348859,0.0006027523631355,0.0009994977450672,0.0013118201135793,0.0006027523631355,0.0009994977450672,0.0013118201135793,0.0013118201135793,0.0013118201135793,0.2756298577260407,0.0013118201135793,0.0013118201135793,0.0013118201135793,0.0013118201135793,0.0013118201135793,0.0013118201135793,0.0013118201135793,0.0013118201135793,0.0007717214040672,0.0013118201135793,0.0009994977450672,0.0013118201135793,0.1661622122285259,0.0013118201135793,0.0013118201135793,0.0009994977450672,0.0017487633903039,0.0013118201135793,0.1099791787942985,0.0009994977450672,0.0013118201135793,0.0013118201135793,0.0013118201135793,0.0013118201135793,0.0362035511001412,0.0013118201135793,0.0013118201135793,0.0013118201135793,0.0013118201135793,0.0013118201135793,0.0013118201135793,0.0013118201135793,0.0013118201135793,0.0013118201135793,0.0013118201135793,0.0013118201135793,0.0009994977450672,0.0013118201135793,0.0013118201135793,0.0013118201135793,0.0013118201135793,0.0013118201135793,0.0013118201135793
0.0070079800290608,0.0001113201065523,0.0109795479245318,0.0000282036472359,0.0611588645560317,0.0001997880304582,0.0109795479245318,0.0187016758088888,0.0479020950432114,0.0476952864114135,1.0000000000000000,0.0003785789239546,0.0007717214040672,0.0001635240299596,0.0001113201065523,0.0001635240299596,0.0070079800290608,0.0003785789239546,0.0109795479245318,0.0000206609949838,0.0000459660457884,0.0001997880304582,0.0000330897422884,0.0109795479245318,0.0004755578743637,0.0017487633903039,0.0187016758088888,0.0187016758088888,0.0109795479245318,0.0333550246462770,0.0187016758088888,0.0013118201135793,0.0070079800290608,0.0017487633903039,0.0003785789239546,0.0001113201065523,0.0017487633903039,0.0023750219887797,0.0017487633903039,0.0013118201135793,0.0070079800290608,0.0007717214040672,0.0109795479245318,0.0070079800290608,0.0187016758088888,0.0187016758088888,0.0187016758088888,0.0109795479245318,0.0187016758088888,0.0109795479245318,0.0109795479245318,0.0187016758088888,0.0047184765878902,0.0109795479245318,0.0412416220809276,0.0187016758088888,0.0187016758088888,0.0109795479245318,0.0109795479245318,0.0017487633903039,0.0667794390168360,0.0187016758088888,0.0984576368938586,0.0528423659274911,0.0023750219887797,0.0032998243477623,0.0109795479245318,0.0070079800290608,0.0047184765878902,0.0109795479245318,0.1795869206276368,0.0767505061695962,0.0109795479245318,0.0187016758088888,0.0534352354855588,0.0187016758088888,0.0187016758088888,0.0187016758088888,0.0032998243477623,0.0109795479245318,0.0109795479245318,0.0013118201135793,0.0187016758088888,0.0047184765878902,0.0934578681162811,0.0187016758088888,0.0187016758088888,0.0109795479245318,0.0187016758088888,0.0187016758088888,0.0187016758088888,0.0187016758088888,0.0187016758088888,0.0023750219887797,0.0187016758088888,0.0187016758088888,0.0032998243477623,0.0187016758088888,0.0445669350146087,0.0981978772477214,0.0032998243477623,0.0109795479245318,0.0187016758088888,0.0303374316624493,0.0459289289508466,0.0047184765878902,0.0608352596882187,0.0187016758088888,0.0047184765878902,0.0109795479245318,0.0187016758088888,0.0187016758088888,0.0187016758088888,0.0687278775098828,0.0187016758088888,0.0187016758088888,0.0874361900201228,0.0187016758088888,0.0187016758088888,0.0187016758088888,0.0187016758088888,0.0187016758088888,0.0070079800290608,0.0187016758088888,0.0109795479245318,0.0187016758088888,0.1250252533023397,0.0187016758088888,0.0187016758088888,0.0109795479245318,0.0109795479245318,0.0187016758088888,0.0109795479245318,0.0109795479245318,0.0187016758088888,0.0187016758088888,0.0187016758088888,0.0187016758088888,0.0512012788431689,0.0187016758088888,0.0187016758088888,0.0187016758088888,0.0187016758088888,0.0187016758088888,0.0187016758088888,0.0187016758088888,0.0187016758088888,0.0187016758088888,0.0187016758088888,0.0187016758088888,0.0109795479245318,0.0187016758088888,0.0187016758088888,0.0187016758088888,0.0187016758088888,0.0187016758088888,0.0187016758088888
0.0001635240299596,0.1468381987284245,0.0003038002263317,0.0879725434778144,0.0002455589204386,0.0348583696575380,0.0001997880304582,0.0002455589204386,0.0002455589204386,0.0001997880304582,0.0003785789239546,1.0000000000000000,0.0410872074753342,0.0706271942419239,0.2145499186786932,0.0727342298208452,0.2013757422149652,0.0343149413306203,0.0707707777764888,0.0810325365576295,0.0689173739732730,0.0905613060225299,0.1460613437675829,0.0003038002263317,0.3040019039661954,0.0997661376188249,0.0736551708314456,0.0882297694167805,0.0001997880304582,0.0001345793075542,0.0002455589204386,0.0000647163980046,0.3533269376493541,0.3243735278856410,0.1635942318031374,0.1551615931423523,0.0735107324681939,0.0385383923042655,0.0884639757343976,0.0696485141950823,0.0702304488599921,0.2642164444708734,0.1503241490513732,0.0003785789239546,0.0003785789239546,0.0003785789239546,0.0337902421103647,0.0003038002263317,0.0359804814940841,0.0003038002263317,0.0004755578743637,0.0003785789239546,0.0942794849025850,0.1923000845978474,0.0003038002263317,0.0003785789239546,0.0003785789239546,0.0643999235036877,0.0003038002263317,0.0671460297776934,0.0423256105840473,0.0003785789239546,0.0301120329847058,0.0003038002263317,0.0735638639489730,0.2749749354490635,0.0004755578743637,0.0002455589204386,0.0299264516765718,0.0288432683070035,0.0002455589204386,0.0002455589204386,0.0001997880304582,0.0002455589204386,0.0359930643886641,0.0002455589204386,0.0002455589204386,0.0389800346996697,0.0516661070959376,0.0482828347693021,0.0003038002263317,0.2144751399810702,0.1700928872335334,0.0003038002263317,0.0004755578743637,0.0354562644530991,0.1766230485472357,0.0003038002263317,0.0586234618027951,0.0614590080312658,0.0003785789239546,0.0644747022013106,0.0700446639609501,0.0284145980306424,0.0003785789239546,0.1705600236123736,0.1133234571804184,0.0003785789239546,0.0812061614106855,0.0003785789239546,0.0278884355470138,0.0003038002263317,0.0286663481604720,0.2316909573501863,0.0003785789239546,0.0403072939283204,0.0003038002263317,0.0870378840935979,0.1667487217176055,0.0555653461970506,0.0003785789239546,0.0003785789239546,0.0003785789239546,0.0004755578743637,0.0385841631942459,0.1130992837412375,0.0003785789239546,0.0322274024745127,0.0003785789239546,0.1081687300825338,0.0657169053324939,0.3785275448411546,0.0314425412261438,0.0483576134669250,0.6443162721107721,0.0003785789239546,0.0003785789239546,0.0003785789239546,0.0003785789239546,0.0003038002263317,0.0448839366193618,0.0328798114719926,0.0001997880304582,0.0001997880304582,0.0002455589204386,0.0002455589204386,0.0002455589204386,0.0482245934634090,0.0002455589204386,0.0002455589204386,0.0255484903190178,0.0003785789239546,0.1198031961007484,0.0420837483153397,0.0417907776594804,0.0003785789239546,0.0328341413616099,0.0354562644530991,0.0312189375836019,0.0002455589204386,0.0001997880304582,0.0628326142195760,0.0483576134669250,0.0359804814940841,0.0003785789239546,0.1557744329538621,0.0481021178711448
0.0004755578743637,0.2072029236317398,0.0006027523631355,0.0420473772767882,0.0007717214040672,0.3190560912205869,0.0006027523631355,0.0007717214040672,0.0007717214040672,0.0002455589204386,0.0007717214040672,0.0410872074753342,1.0000000000000000,0.0348202863978903,0.0405304255278708,0.0805192726809326,0.0821472198666619,0.1160593946193475,0.2320030357588146,0.0913975249223743,0.0323514898589774,0.0443660466314289,0.0705460956523976,0.0006027523631355,0.0352706027290648,0.0474104519436439,0.0354820779063370,0.0426782459460514,0.0006027523631355,0.0003785789239546,0.0007717214040672,0.0001635240299596,0.0425874283078114,0.0385707864012448,0.0816392113715478,0.0423808234862865,0.0926616637116391,0.1342853361987633,0.0432246180828134,0.0347986975309271,0.0348202863978903,0.0485539413653947,0.0736257453186826,0.0013118201135793,0.0013118201135793,0.0013118201135793,0.1132576226917878,0.0009994977450672,0.1227061493676033,0.0009994977450672,0.0017487633903039,0.0013118201135793,0.0009994977450672,0.0017487633903039,0.0009994977450672,0.0013118201135793,0.0013118201135793,0.2283522582658383,0.0009994977450672,0.0967599570072913,0.1367338537235379,0.0013118201135793,0.1584585408998815,0.0009994977450672,0.0006027523631355,0.0512733807749616,0.0017487633903039,0.0007717214040672,0.1009966782326145,0.2514147419226077,0.0007717214040672,0.0007717214040672,0.0006027523631355,0.0007717214040672,0.0007717214040672,0.0007717214040672,0.0007717214040672,0.1286808988724853,0.1713891760715051,0.2855105853946070,0.0009994977450672,0.0403614564869391,0.0871762985475645,0.0009994977450672,0.0017487633903039,0.1204168869718277,0.0845827434276924,0.0009994977450672,0.1694961066484580,0.1706401890978483,0.0013118201135793,0.4008531654874927,0.2010388141341972,0.2450263500820843,0.0013118201135793,0.0013118201135793,0.0568002626820354,0.0013118201135793,0.2093797398099595,0.0013118201135793,0.2440493080958476,0.0009994977450672,0.4030216622404694,0.0418078812807727,0.0013118201135793,0.0032998243477623,0.0009994977450672,0.2471455073337516,0.1143966725821623,0.0017487633903039,0.0013118201135793,0.0013118201135793,0.0013118201135793,0.0017487633903039,0.1344543052396950,0.0557370608068350,0.0013118201135793,0.1067125869993480,0.0013118201135793,0.1119170016664282,0.0007717214040672,0.0423545018916318,0.0985657188235159,0.1696781861421452,0.0867248444235085,0.0013118201135793,0.0013118201135793,0.0013118201135793,0.0013118201135793,0.0009994977450672,0.0009994977450672,0.1094407250867519,0.0006027523631355,0.0006027523631355,0.0007717214040672,0.0007717214040672,0.0007717214040672,0.1691380874326331,0.0007717214040672,0.0007717214040672,0.0824813075890174,0.0007717214040672,0.0007717214040672,0.1411532533837211,0.1399000106739375,0.0007717214040672,0.1135043295134026,0.1198767882623155,0.1068462536131998,0.0007717214040672,0.0006027523631355,0.0013118201135793,0.1696781861421452,0.1227061493676033,0.0013118201135793,0.0007717214040672,0.0007717214040672
