1.0000000000000000,0.0000556600532762,0.0054897739622659,0.0000141018236180,0.0498873109090621,0.0000672896537771,0.0023592382939451,0.0035039900145304,0.0035039900145304,0.0003858607020336,0.0035039900145304,0.0000817620149798,0.0002377789371818,0.0000556600532762,0.0000386097820667,0.0000556600532762,0.0016499121738811,0.0001227794602193,0.0023592382939451,0.0000076454334882,0.0000165448711442,0.0000672896537771,0.0000120535664651,0.0023592382939451,0.0001519001131658,0.0004997488725336,0.0035039900145304,0.0035039900145304,0.0023592382939451,0.0006559100567897,0.0035039900145304,0.0003858607020336,0.0016499121738811,0.0004997488725336,0.0001227794602193,0.0000386097820667,0.0004997488725336,0.0006559100567897,0.0004997488725336,0.0003858607020336,0.0016499121738811,0.0002377789371818,0.0023592382939451,0.0016499121738811,0.0035039900145304,0.0035039900145304,0.0467390918402177,0.0023592382939451,0.0035039900145304,0.0023592382939451,0.0023592382939451,0.0035039900145304,0.0011875109943899,0.0023592382939451,0.0023592382939451,0.0035039900145304,0.0035039900145304,0.0023592382939451,0.0023592382939451,0.0004997488725336,0.0035039900145304,0.0035039900145304,0.0035039900145304,0.0023592382939451,0.0006559100567897,0.0008743816951519,0.0023592382939451,0.0016499121738811,0.0398333542633942,0.0023592382939451,0.0035039900145304,0.0035039900145304,0.0023592382939451,0.0035039900145304,0.0035039900145304,0.0035039900145304,0.0035039900145304,0.0532934362415861,0.0521306285595098,0.0023592382939451,0.1251883850161750,0.0003858607020336,0.0035039900145304,0.0011875109943899,0.0011875109943899,0.0426440143678358,0.0035039900145304,0.0023592382939451,0.0035039900145304,0.0035039900145304,0.0035039900145304,0.0035039900145304,0.0035039900145304,0.0006559100567897,0.0035039900145304,0.0035039900145304,0.0008743816951519,0.1106549995616471,0.0023592382939451,0.0035039900145304,0.0008743816951519,0.0023592382939451,0.0035039900145304,0.0016499121738811,0.0035039900145304,0.0011875109943899,0.0023592382939451,0.0035039900145304,0.0011875109943899,0.0023592382939451,0.0035039900145304,0.0035039900145304,0.0035039900145304,0.0011875109943899,0.0035039900145304,0.0035039900145304,0.0643315846362248,0.0035039900145304,0.0035039900145304,0.0035039900145304,0.0704384077445625,0.0035039900145304,0.0406974276239889,0.0035039900145304,0.0023592382939451,0.0035039900145304,0.0035039900145304,0.0035039900145304,0.0035039900145304,0.0054897739622659,0.0023592382939451,0.0035039900145304,0.0023592382939451,0.0023592382939451,0.0778441356857318,0.0035039900145304,0.0035039900145304,0.0035039900145304,0.0093508379044444,0.0035039900145304,0.0916714755128612,0.0035039900145304,0.0035039900145304,0.0475859750610903,0.0571585794092692,0.0427840289149081,0.0035039900145304,0.0426440143678358,0.0035039900145304,0.0035039900145304,0.0023592382939451,0.0035039900145304,0.0035039900145304,0.0035039900145304,0.0035039900145304,0.0035039900145304,0.0714785792879079
0.0000556600532762,1.0000000000000000,0.0000998940152291,0.2204777026823014,0.0000556600532762,0.2396222190043659,0.0000672896537771,0.0000556600532762,0.0000556600532762,0.0000323581990023,0.0000556600532762,0.1650907710507528,0.2329784215666709,0.2171161143640171,0.2030371385979318,0.1545253463035480,0.1726588855637166,0.2326648439286743,0.1476707529951452,0.1882734021241184,0.1763400359366085,0.2329426733785297,0.2903761007475054,0.0000462566916414,0.1948440875661183,0.2006807230031038,0.1987017817878776,0.2204364170834242,0.0000462566916414,0.0000323581990023,0.0000556600532762,0.0000229830228942,0.1756753664563389,0.2225535625705435,0.1638860158421241,0.2205044363334261,0.1986942757953175,0.3023552056028307,0.2205618723604540,0.2122961088699740,0.2170750969187776,0.2103832763333398,0.3084849159160765,0.0000817620149798,0.0000817620149798,0.0000817620149798,0.2235992662240115,0.0000672896537771,0.2554449772887342,0.0000672896537771,0.0000998940152291,0.0000817620149798,0.0000998940152291,0.0000998940152291,0.0000672896537771,0.0000817620149798,0.0000817620149798,0.4130606223540705,0.0000998940152291,0.1752080209023863,0.1748016632448587,0.0000817620149798,0.2299293419560069,0.0000998940152291,0.0000998940152291,0.2271002415764219,0.0000998940152291,0.0000817620149798,0.2297830284963445,0.2087054114332852,0.0000556600532762,0.0000556600532762,0.0000462566916414,0.0000556600532762,0.0000556600532762,0.0000556600532762,0.0000556600532762,0.2154047435972330,0.2524136076514542,0.3418029176945175,0.0000672896537771,0.2030142531529416,0.4130750947152732,0.0000998940152291,0.0001519001131658,0.2474440195891618,0.1710014444380818,0.0000672896537771,0.2533976869556657,0.1995897615565256,0.0000817620149798,0.4130750947152732,0.2585857266462870,0.2416200328196635,0.0000817620149798,0.0000817620149798,0.2605309449320778,0.0000817620149798,0.2037681083250049,0.0000817620149798,0.2416019008194142,0.0000672896537771,0.2543809411269652,0.1661781186665291,0.0000817620149798,0.0000998940152291,0.0000672896537771,0.2657811574920749,0.1735516434931217,0.0000998940152291,0.0000817620149798,0.0000817620149798,0.0000817620149798,0.0000998940152291,0.3023435760023298,0.2604899274868383,0.0000817620149798,0.2033607736497234,0.0000817620149798,0.2375400736088062,0.0000556600532762,0.2133125313498273,0.1462249786055459,0.3418173900557202,0.1500786496699805,0.0000817620149798,0.0000817620149798,0.0000817620149798,0.0000817620149798,0.0000672896537771,0.0000998940152291,0.2132832168497384,0.0000998940152291,0.0000672896537771,0.0000817620149798,0.0000817620149798,0.0000556600532762,0.3417912880940166,0.0000556600532762,0.0000556600532762,0.1663041228957578,0.0000817620149798,0.0000817620149798,0.2495597815673543,0.2459454418017717,0.0000817620149798,0.2793594989184208,0.2474440195891618,0.2511036330402992,0.0000556600532762,0.0000672896537771,0.0000556600532762,0.3417912880940166,0.2554449772887342,0.0000817620149798,0.0000817620149798,0.0000817620149798
0.0054897739622659,0.0000998940152291,1.0000000000000000,0.0000229830228942,0.0054897739622659,0.0000817620149798,0.4821167882856018,0.0054897739622659,0.0054897739622659,0.0004997488725336,0.0054897739622659,0.0001519001131658,0.0003013761815677,0.0000998940152291,0.0000672896537771,0.0000672896537771,0.0023592382939451,0.0001519001131658,0.0035039900145304,0.0000120535664651,0.0000272221018152,0.0000817620149798,0.0000194692315755,0.0035039900145304,0.0003013761815677,0.0011875109943899,0.0054897739622659,0.0054897739622659,0.0035039900145304,0.0008743816951519,0.0054897739622659,0.0004997488725336,0.0023592382939451,0.0006559100567897,0.0002377789371818,0.0000672896537771,0.0006559100567897,0.0008743816951519,0.0006559100567897,0.0004997488725336,0.0023592382939451,0.0004997488725336,0.0093508379044444,0.0877275627084948,0.0054897739622659,0.0853127571696664,0.0054897739622659,0.0955394665064708,0.0054897739622659,0.2950619259959191,0.1865737824414016,0.2564181009738163,0.0016499121738811,0.0035039900145304,0.0838549492900041,0.1106967353301328,0.0054897739622659,0.0035039900145304,0.2544323170260808,0.0006559100567897,0.0054897739622659,0.0888068030768278,0.0054897739622659,0.0931133551137988,0.0016499121738811,0.0023592382939451,0.1352352468620443,0.0023592382939451,0.0016499121738811,0.0035039900145304,0.0054897739622659,0.0054897739622659,0.0035039900145304,0.0054897739622659,0.1358743009424761,0.0054897739622659,0.0054897739622659,0.0054897739622659,0.0023592382939451,0.0035039900145304,0.0035039900145304,0.0008743816951519,0.0054897739622659,0.0016499121738811,0.0016499121738811,0.0054897739622659,0.0054897739622659,0.0035039900145304,0.0054897739622659,0.0054897739622659,0.0054897739622659,0.0054897739622659,0.0054897739622659,0.0008743816951519,0.0054897739622659,0.0054897739622659,0.0011875109943899,0.0054897739622659,0.0035039900145304,0.0054897739622659,0.0011875109943899,0.0492084047490224,0.0054897739622659,0.0023592382939451,0.0054897739622659,0.0016499121738811,0.0035039900145304,0.0054897739622659,0.0016499121738811,0.2221805632890276,0.0054897739622659,0.0054897739622659,0.2844290671091935,0.0016499121738811,0.0054897739622659,0.0054897739622659,0.0054897739622659,0.0054897739622659,0.0054897739622659,0.0054897739622659,0.0054897739622659,0.0054897739622659,0.0628346567515771,0.0054897739622659,0.0035039900145304,0.0054897739622659,0.0054897739622659,0.0054897739622659,0.0054897739622659,0.0035039900145304,0.0806347931226247,0.0054897739622659,0.0035039900145304,0.0035039900145304,0.0442211250692238,0.0054897739622659,0.0054897739622659,0.0054897739622659,0.0054897739622659,0.0054897739622659,0.0187189476588039,0.0187189476588039,0.0187189476588039,0.0187189476588039,0.0187189476588039,0.0187189476588039,0.0187189476588039,0.0187189476588039,0.0054897739622659,0.0054897739622659,0.0035039900145304,0.0054897739622659,0.0054897739622659,0.0054897739622659,0.0054897739622659,0.0054897739622659,0.0054897739622659
0.0000141018236180,0.2204777026823014,0.0000229830228942,1.0000000000000000,0.0000194692315755,0.0389323545006938,0.0000120535664651,0.0000141018236180,0.0000141018236180,0.0000066004734005,0.0000141018236180,0.0988995363459460,0.0472191873691654,0.0713949919503506,0.0929522422546023,0.3372629266696886,0.0831273129895860,0.0382381960767393,0.0744389136229479,0.2292808242051836,0.3665769903510060,0.1012696890790589,0.1822769134165078,0.0000120535664651,0.0760252283848324,0.4767299075503049,0.0769574433492160,0.0977343139012788,0.0000120535664651,0.0000120535664651,0.0000141018236180,0.0000049517519338,0.1033130070918521,0.0827224687246701,0.0676793745680248,0.0977547106485765,0.0769670647112950,0.0446114713921716,0.2541122467252069,0.3619986263815849,0.0712329245901885,0.3036963556536637,0.1890144680573059,0.0000272221018152,0.0000194692315755,0.0000194692315755,0.0372574208084715,0.0000165448711442,0.0404442578688893,0.0000165448711442,0.0000229830228942,0.0000194692315755,0.0000229830228942,0.0000229830228942,0.0000165448711442,0.0000194692315755,0.0000194692315755,0.0841529051728992,0.0000165448711442,0.0682205600416961,0.0489675905950196,0.0000194692315755,0.0318795559325509,0.0000229830228942,0.0000229830228942,0.1228225705423655,0.0000229830228942,0.0000272221018152,0.0318595380532123,0.0300062515908742,0.0000141018236180,0.0000141018236180,0.0000120535664651,0.0000141018236180,0.0000141018236180,0.0000141018236180,0.0000141018236180,0.0448326709317491,0.0630086488944607,0.0592326622755914,0.0000165448711442,0.0926832242720369,0.2227965025711630,0.1001490924243665,0.0000323581990023,0.0396706820905404,0.0696500573914498,0.0000165448711442,0.0402445321768344,0.0426113047200742,0.0651492099851772,0.0841558295333305,0.0503592141341567,0.0287431365208448,0.0000194692315755,0.0000194692315755,0.3481225094253224,0.0000194692315755,0.0880589807333071,0.0000194692315755,0.0287163490607788,0.0000165448711442,0.0296001943998719,0.0993182079865833,0.0000194692315755,0.0000323581990023,0.0000165448711442,0.0651280617818682,0.0858978378845732,0.0000229830228942,0.1248602186501970,0.0000194692315755,0.0000194692315755,0.0000229830228942,0.0445985824247447,0.6901775856919220,0.0000194692315755,0.4204129655563885,0.0000194692315755,0.1264279898938159,0.0000141018236180,0.0956999057702202,0.0341984325741707,0.0592355866360226,0.0752980637358518,0.0000194692315755,0.0000194692315755,0.0000194692315755,0.0000194692315755,0.0000165448711442,0.0000165448711442,0.0361543896759575,0.0000165448711442,0.0000165448711442,0.0000194692315755,0.0000194692315755,0.0000141018236180,0.0592302192280651,0.0000141018236180,0.0000141018236180,0.0258196676463118,0.0000194692315755,0.0000194692315755,0.0492645220055810,0.0488197879198571,0.0000194692315755,0.0357631567146873,0.0396706820905404,0.0336168449444121,0.0000194692315755,0.0000120535664651,0.0000194692315755,0.0592355866360226,0.0404442578688893,0.0000194692315755,0.0000194692315755,0.0000194692315755
0.0498873109090621,0.0000556600532762,0.0054897739622659,0.0000194692315755,1.0000000000000000,0.0000998940152291,0.0023592382939451,0.0035039900145304,0.0440438165194456,0.0595248879873210,0.0644237351073727,0.0001227794602193,0.0003858607020336,0.0000817620149798,0.0000556600532762,0.0000817620149798,0.0016499121738811,0.0001892894619773,0.0023592382939451,0.0000103304974919,0.0000229830228942,0.0000672896537771,0.0000165448711442,0.0023592382939451,0.0001519001131658,0.0004997488725336,0.0035039900145304,0.0035039900145304,0.0023592382939451,0.0423234930192059,0.0035039900145304,0.0003858607020336,0.0016499121738811,0.0004997488725336,0.0001892894619773,0.0000556600532762,0.0004997488725336,0.0006559100567897,0.0004997488725336,0.0006559100567897,0.0016499121738811,0.0002377789371818,0.0023592382939451,0.0016499121738811,0.0035039900145304,0.0035039900145304,0.0453053906142473,0.0023592382939451,0.0035039900145304,0.0023592382939451,0.0023592382939451,0.0035039900145304,0.0011875109943899,0.0023592382939451,0.0459915289851507,0.0035039900145304,0.0035039900145304,0.0023592382939451,0.0023592382939451,0.0004997488725336,0.0638965743787707,0.0035039900145304,0.0506421904837410,0.0593451470223011,0.0006559100567897,0.0008743816951519,0.0023592382939451,0.0016499121738811,0.0371092420940589,0.0023592382939451,0.0035039900145304,0.0035039900145304,0.0023592382939451,0.0035039900145304,0.0035039900145304,0.0035039900145304,0.0035039900145304,0.0534864151313696,0.0526828507592360,0.0023592382939451,0.3915175585600302,0.0003858607020336,0.0035039900145304,0.0011875109943899,0.0011875109943899,0.0400083989227765,0.0035039900145304,0.0023592382939451,0.0035039900145304,0.0035039900145304,0.0035039900145304,0.0035039900145304,0.0035039900145304,0.0011875109943899,0.0035039900145304,0.0035039900145304,0.0008743816951519,0.0435244795195150,0.0486706183842094,0.1006293108281330,0.0008743816951519,0.0023592382939451,0.0035039900145304,0.0357361009248999,0.0414226363819439,0.0011875109943899,0.0023592382939451,0.0035039900145304,0.0011875109943899,0.0023592382939451,0.0035039900145304,0.0035039900145304,0.0035039900145304,0.0804603987135658,0.0035039900145304,0.0035039900145304,0.1687439622130555,0.0035039900145304,0.0035039900145304,0.0035039900145304,0.1893641421893335,0.0035039900145304,0.0389829725471175,0.0035039900145304,0.0023592382939451,0.0035039900145304,0.0558964058561708,0.0035039900145304,0.0035039900145304,0.0023592382939451,0.0023592382939451,0.0035039900145304,0.0023592382939451,0.0023592382939451,0.0826661911074080,0.0035039900145304,0.0035039900145304,0.0035039900145304,0.0483924901762808,0.0035039900145304,0.0279790810012566,0.0035039900145304,0.0035039900145304,0.0463344260279417,0.0583528694110408,0.0406305174185893,0.0035039900145304,0.0400083989227765,0.0035039900145304,0.0035039900145304,0.0023592382939451,0.0093508379044444,0.0093508379044444,0.0035039900145304,0.0035039900145304,0.0035039900145304,0.1929678316208070
0.0000672896537771,0.2396222190043659,0.0000817620149798,0.0389323545006938,0.0000998940152291,1.0000000000000000,0.0000817620149798,0.0000998940152291,0.0000998940152291,0.0000556600532762,0.0000998940152291,0.0390257907232730,0.3585613823962005,0.0286343094205507,0.0368285656299319,0.1354331945945443,0.1305906427128382,0.1068565339983305,0.4480668888065067,0.1561447230413974,0.0282522402949417,0.0406299840564727,0.0727838939636550,0.0001227794602193,0.0306467919436533,0.0450196053090936,0.0307102026717340,0.0390319719209457,0.0000817620149798,0.0000817620149798,0.0000998940152291,0.0000272221018152,0.0407668819462341,0.0333436400260221,0.1406554666336985,0.0389457498470850,0.1610261222890212,0.1259369666975989,0.0395420078658421,0.0282819764020126,0.0285484305965347,0.0465840804976920,0.0757206391271408,0.0002377789371818,0.0001519001131658,0.0001519001131658,0.1040746591439346,0.0001227794602193,0.2254166891186439,0.0001227794602193,0.0001892894619773,0.0001519001131658,0.0001892894619773,0.0001892894619773,0.0001227794602193,0.0001519001131658,0.0001519001131658,0.2385854998191220,0.0001227794602193,0.1746174097949067,0.1375817883280479,0.0001519001131658,0.1573728007168443,0.0001892894619773,0.0001227794602193,0.0490150813066737,0.0001892894619773,0.0001519001131658,0.0892490017239209,0.6921882978052687,0.0000998940152291,0.0000998940152291,0.0000817620149798,0.0000998940152291,0.0000998940152291,0.0000998940152291,0.0000998940152291,0.1247101739827500,0.1755057732912980,0.3090699106222997,0.0001227794602193,0.0368840554363741,0.0902122849647313,0.0003013761815677,0.0003013761815677,0.1111982384406294,0.1449847427960233,0.0001227794602193,0.1700941164304107,0.2486367257854561,0.0001519001131658,0.4493469693924806,0.2087457194874633,0.6664982458447408,0.0001519001131658,0.0001519001131658,0.0536817913145821,0.0001519001131658,0.2215007695145106,0.0001519001131658,0.4661817780487427,0.0001227794602193,0.2999303183239332,0.0392948121340239,0.0001519001131658,0.0003013761815677,0.0001227794602193,0.2649195597642356,0.1120575556988658,0.0001892894619773,0.0001519001131658,0.0001519001131658,0.0001519001131658,0.0001892894619773,0.2500259951589267,0.0535959124905661,0.0001519001131658,0.0976152851060058,0.0001519001131658,0.1855426442416133,0.0000998940152291,0.0381780242650497,0.0940431860477177,0.1674811355363119,0.1559037025797779,0.0001519001131658,0.0001519001131658,0.0001519001131658,0.0001519001131658,0.0001227794602193,0.0001227794602193,0.1008351187443433,0.0001227794602193,0.0001227794602193,0.0001519001131658,0.0001519001131658,0.0000998940152291,0.1674291294383752,0.0000998940152291,0.0000998940152291,0.0715250736997118,0.0000998940152291,0.0000998940152291,0.1376975903020010,0.1363864538809396,0.0000998940152291,0.1008182934055562,0.1111462323426926,0.0944231625420256,0.0000998940152291,0.0000817620149798,0.0001519001131658,0.1674811355363119,0.2253646830207072,0.0000998940152291,0.0000998940152291,0.0000998940152291
0.0023592382939451,0.0000672896537771,0.4821167882856018,0.0000120535664651,0.0023592382939451,0.0000817620149798,1.0000000000000000,0.0187189476588039,0.0054897739622659,0.0008743816951519,0.0054897739622659,0.0000998940152291,0.0003013761815677,0.0000672896537771,0.0000462566916414,0.0000672896537771,0.0023592382939451,0.0001519001131658,0.0035039900145304,0.0000088763512472,0.0000194692315755,0.0000817620149798,0.0000141018236180,0.0035039900145304,0.0001892894619773,0.0006559100567897,0.0054897739622659,0.0054897739622659,0.0035039900145304,0.0008743816951519,0.0054897739622659,0.0008743816951519,0.0023592382939451,0.0006559100567897,0.0001519001131658,0.0000672896537771,0.0011875109943899,0.0008743816951519,0.0006559100567897,0.0004997488725336,0.0023592382939451,0.0003013761815677,0.0035039900145304,0.0696370437025944,0.0054897739622659,0.0681051495447445,0.0054897739622659,0.0793547257532312,0.0054897739622659,0.2905625924049349,0.1459113154120760,0.2128257607555505,0.0016499121738811,0.0035039900145304,0.0691750607466113,0.0054897739622659,0.0054897739622659,0.0035039900145304,0.2166868246977290,0.0006559100567897,0.0054897739622659,0.0737288684280154,0.0054897739622659,0.0772267235665454,0.0008743816951519,0.0011875109943899,0.1192318672330787,0.0023592382939451,0.0035039900145304,0.0035039900145304,0.0054897739622659,0.0054897739622659,0.0035039900145304,0.0054897739622659,0.1052463137585468,0.0054897739622659,0.0054897739622659,0.0054897739622659,0.0011875109943899,0.0035039900145304,0.0035039900145304,0.0004997488725336,0.0054897739622659,0.0016499121738811,0.0016499121738811,0.0054897739622659,0.0054897739622659,0.0035039900145304,0.0054897739622659,0.0054897739622659,0.0054897739622659,0.0054897739622659,0.0054897739622659,0.0008743816951519,0.0054897739622659,0.0054897739622659,0.0011875109943899,0.0054897739622659,0.0035039900145304,0.0054897739622659,0.0011875109943899,0.0035039900145304,0.0054897739622659,0.0023592382939451,0.0054897739622659,0.0016499121738811,0.0035039900145304,0.0054897739622659,0.0016499121738811,0.3584967447886356,0.0054897739622659,0.0054897739622659,0.2469176530623506,0.0016499121738811,0.0054897739622659,0.0054897739622659,0.0054897739622659,0.0054897739622659,0.0054897739622659,0.0054897739622659,0.0054897739622659,0.0054897739622659,0.0484731522593081,0.0054897739622659,0.0035039900145304,0.0054897739622659,0.0054897739622659,0.0054897739622659,0.0054897739622659,0.0035039900145304,0.0722458151274126,0.0054897739622659,0.0093508379044444,0.0035039900145304,0.0054897739622659,0.0054897739622659,0.0054897739622659,0.0054897739622659,0.0054897739622659,0.0054897739622659,0.0054897739622659,0.0054897739622659,0.0054897739622659,0.0054897739622659,0.0054897739622659,0.0054897739622659,0.0054897739622659,0.0054897739622659,0.0054897739622659,0.0054897739622659,0.0035039900145304,0.0054897739622659,0.0054897739622659,0.0054897739622659,0.0054897739622659,0.0054897739622659,0.0054897739622659
0.0035039900145304,0.0000556600532762,0.0054897739622659,0.0000141018236180,0.0035039900145304,0.0000998940152291,0.0187189476588039,1.0000000000000000,0.0093508379044444,0.0006559100567897,0.0093508379044444,0.0001227794602193,0.0003858607020336,0.0000817620149798,0.0000556600532762,0.0000817620149798,0.0035039900145304,0.0001892894619773,0.0054897739622659,0.0000103304974919,0.0000229830228942,0.0000998940152291,0.0000165448711442,0.0054897739622659,0.0002377789371818,0.0008743816951519,0.0093508379044444,0.0093508379044444,0.0054897739622659,0.0011875109943899,0.0093508379044444,0.0006559100567897,0.0035039900145304,0.0008743816951519,0.0001892894619773,0.0000556600532762,0.0008743816951519,0.0011875109943899,0.0008743816951519,0.0006559100567897,0.0035039900145304,0.0003858607020336,0.0054897739622659,0.0035039900145304,0.0093508379044444,0.0093508379044444,0.0093508379044444,0.0054897739622659,0.0093508379044444,0.0054897739622659,0.0054897739622659,0.0093508379044444,0.0023592382939451,0.0054897739622659,0.0054897739622659,0.0093508379044444,0.0093508379044444,0.0054897739622659,0.0054897739622659,0.0008743816951519,0.0093508379044444,0.0093508379044444,0.0093508379044444,0.0054897739622659,0.0011875109943899,0.0016499121738811,0.0054897739622659,0.0035039900145304,0.0023592382939451,0.0054897739622659,0.0093508379044444,0.0093508379044444,0.0054897739622659,0.0093508379044444,0.0093508379044444,0.0093508379044444,0.0093508379044444,0.0093508379044444,0.0016499121738811,0.0054897739622659,0.0054897739622659,0.0006559100567897,0.0093508379044444,0.0023592382939451,0.0023592382939451,0.0093508379044444,0.0093508379044444,0.0054897739622659,0.0093508379044444,0.0093508379044444,0.0093508379044444,0.0093508379044444,0.0093508379044444,0.0011875109943899,0.0093508379044444,0.0093508379044444,0.0016499121738811,0.0093508379044444,0.0054897739622659,0.0093508379044444,0.0016499121738811,0.0054897739622659,0.0093508379044444,0.0035039900145304,0.0093508379044444,0.0023592382939451,0.0054897739622659,0.0093508379044444,0.0023592382939451,0.0054897739622659,0.0093508379044444,0.0093508379044444,0.0093508379044444,0.0023592382939451,0.0093508379044444,0.0093508379044444,0.0093508379044444,0.0093508379044444,0.0093508379044444,0.0093508379044444,0.0093508379044444,0.0093508379044444,0.0035039900145304,0.0093508379044444,0.0054897739622659,0.0093508379044444,0.0093508379044444,0.0093508379044444,0.0093508379044444,0.1728574690259870,0.0054897739622659,0.0093508379044444,0.0054897739622659,0.0054897739622659,0.0093508379044444,0.0093508379044444,0.0093508379044444,0.0093508379044444,0.0093508379044444,0.0093508379044444,0.0093508379044444,0.0093508379044444,0.0093508379044444,0.0093508379044444,0.0093508379044444,0.0093508379044444,0.0093508379044444,0.0093508379044444,0.0093508379044444,0.0093508379044444,0.0054897739622659,0.0093508379044444,0.0093508379044444,0.0093508379044444,0.0093508379044444,0.0093508379044444,0.0093508379044444
0.0035039900145304,0.0000556600532762,0.0054897739622659,0.0000141018236180,0.0440438165194456,0.0000998940152291,0.0054897739622659,0.0093508379044444,1.0000000000000000,0.2023051547463957,0.0422013095430574,0.0001227794602193,0.0003858607020336,0.0000817620149798,0.0000556600532762,0.0000817620149798,0.0035039900145304,0.0001892894619773,0.0054897739622659,0.0000103304974919,0.0000229830228942,0.0000998940152291,0.0000165448711442,0.0054897739622659,0.0002377789371818,0.0008743816951519,0.0093508379044444,0.0093508379044444,0.0054897739622659,0.3423064570822588,0.0093508379044444,0.0006559100567897,0.0035039900145304,0.0008743816951519,0.0001892894619773,0.0000556600532762,0.0008743816951519,0.0011875109943899,0.0008743816951519,0.0006559100567897,0.0035039900145304,0.0003858607020336,0.0054897739622659,0.0035039900145304,0.0093508379044444,0.0093508379044444,0.0093508379044444,0.0054897739622659,0.0093508379044444,0.0054897739622659,0.0054897739622659,0.0093508379044444,0.0023592382939451,0.0054897739622659,0.1163779066663222,0.0093508379044444,0.0093508379044444,0.0054897739622659,0.0054897739622659,0.0008743816951519,0.2592087979544819,0.0093508379044444,0.0342565289073560,0.1565583998462061,0.0011875109943899,0.0016499121738811,0.0054897739622659,0.0035039900145304,0.0023592382939451,0.0054897739622659,0.0093508379044444,0.0093508379044444,0.0054897739622659,0.0093508379044444,0.0691536330786194,0.0093508379044444,0.0093508379044444,0.0093508379044444,0.0016499121738811,0.0054897739622659,0.0054897739622659,0.0006559100567897,0.0093508379044444,0.0023592382939451,0.0023592382939451,0.0093508379044444,0.0093508379044444,0.1111604101791412,0.0093508379044444,0.0093508379044444,0.0544152681349222,0.0093508379044444,0.0093508379044444,0.0011875109943899,0.0763543844698648,0.0093508379044444,0.0016499121738811,0.0093508379044444,0.0324160067145844,0.1103502405276359,0.0016499121738811,0.0054897739622659,0.0093508379044444,0.0954868004544432,0.1436444792497416,0.0023592382939451,0.0924701523215878,0.0093508379044444,0.0821241808153592,0.0054897739622659,0.0093508379044444,0.0093508379044444,0.0492624451811206,0.2308528598417574,0.0093508379044444,0.0093508379044444,0.0093508379044444,0.0093508379044444,0.0093508379044444,0.0093508379044444,0.0093508379044444,0.0093508379044444,0.0035039900145304,0.0093508379044444,0.0054897739622659,0.0093508379044444,0.2377424694724033,0.0093508379044444,0.0652067200489557,0.0054897739622659,0.0054897739622659,0.0093508379044444,0.0054897739622659,0.0054897739622659,0.0093508379044444,0.0093508379044444,0.0093508379044444,0.0093508379044444,0.1623496763404430,0.0093508379044444,0.0093508379044444,0.0388154652861931,0.0093508379044444,0.0093508379044444,0.0093508379044444,0.0093508379044444,0.0093508379044444,0.0093508379044444,0.0093508379044444,0.0093508379044444,0.0978850781104641,0.0093508379044444,0.0093508379044444,0.0093508379044444,0.0093508379044444,0.0650696271256927,0.0093508379044444
0.0003858607020336,0.0000323581990023,0.0004997488725336,0.0000066004734005,0.0595248879873210,0.0000556600532762,0.0008743816951519,0.0006559100567897,0.2023051547463957,1.0000000000000000,0.0521728084698528,0.0000998940152291,0.0001227794602193,0.0000462566916414,0.0000229830228942,0.0000672896537771,0.0003858607020336,0.0000672896537771,0.0004997488725336,0.0000088763512472,0.0000141018236180,0.0000817620149798,0.0000141018236180,0.0008743816951519,0.0001227794602193,0.0003858607020336,0.0011875109943899,0.0011875109943899,0.0004997488725336,0.3990698063327916,0.2170815826455485,0.0933039283305030,0.0003858607020336,0.0001519001131658,0.0000462566916414,0.0000323581990023,0.0002377789371818,0.0001892894619773,0.0002377789371818,0.0001227794602193,0.0003858607020336,0.0000817620149798,0.0004997488725336,0.0006559100567897,0.0011875109943899,0.0011875109943899,0.0011875109943899,0.0008743816951519,0.0011875109943899,0.0008743816951519,0.0008743816951519,0.0011875109943899,0.0004997488725336,0.0008743816951519,0.1572749774817124,0.0011875109943899,0.0011875109943899,0.0008743816951519,0.0016499121738811,0.0002377789371818,0.1243668163653198,0.0011875109943899,0.0412742874445729,0.2096394654348834,0.0003013761815677,0.0003858607020336,0.0008743816951519,0.0006559100567897,0.0004997488725336,0.0004997488725336,0.0006559100567897,0.0006559100567897,0.0933039283305030,0.0934600895147591,0.0006559100567897,0.1355464390622195,0.0696111430187783,0.0006559100567897,0.0002377789371818,0.0004997488725336,0.0004997488725336,0.0001227794602193,0.0006559100567897,0.0003013761815677,0.0003013761815677,0.0006559100567897,0.0006559100567897,0.0004997488725336,0.0006559100567897,0.0006559100567897,0.0006559100567897,0.0006559100567897,0.0006559100567897,0.0001892894619773,0.0006559100567897,0.0006559100567897,0.0002377789371818,0.0006559100567897,0.0408370035310456,0.0818775613915452,0.0002377789371818,0.0004997488725336,0.0006559100567897,0.1264327649289211,0.0344739046307595,0.0003013761815677,0.0004997488725336,0.0006559100567897,0.0003013761815677,0.0004997488725336,0.0006559100567897,0.0006559100567897,0.0006559100567897,0.3097068697148361,0.0006559100567897,0.0006559100567897,0.0006559100567897,0.0006559100567897,0.0006559100567897,0.0006559100567897,0.0006559100567897,0.0006559100567897,0.0003858607020336,0.0006559100567897,0.0004997488725336,0.0006559100567897,0.1861126011861046,0.0006559100567897,0.0006559100567897,0.0004997488725336,0.0008743816951519,0.0006559100567897,0.1226335990246459,0.0004997488725336,0.0006559100567897,0.0006559100567897,0.0006559100567897,0.0006559100567897,0.0399091074166718,0.0006559100567897,0.0006559100567897,0.0006559100567897,0.0006559100567897,0.0006559100567897,0.0006559100567897,0.0006559100567897,0.0006559100567897,0.0006559100567897,0.0006559100567897,0.0006559100567897,0.0004997488725336,0.0006559100567897,0.0006559100567897,0.0006559100567897,0.0006559100567897,0.0006559100567897,0.0006559100567897
0.0035039900145304,0.0000556600532762,0.0054897739622659,0.0000141018236180,0.0644237351073727,0.0000998940152291,0.0054897739622659,0.0093508379044444,0.0422013095430574,0.0521728084698528,1.0000000000000000,0.0001892894619773,0.0003858607020336,0.0000817620149798,0.0000556600532762,0.0000817620149798,0.0035039900145304,0.0001892894619773,0.0054897739622659,0.0000103304974919,0.0000229830228942,0.0000998940152291,0.0000165448711442,0.0054897739622659,0.0002377789371818,0.0008743816951519,0.0093508379044444,0.0093508379044444,0.0054897739622659,0.0360400139840743,0.0093508379044444,0.0006559100567897,0.0035039900145304,0.0008743816951519,0.0001892894619773,0.0000556600532762,0.0008743816951519,0.0011875109943899,0.0008743816951519,0.0006559100567897,0.0035039900145304,0.0003858607020336,0.0054897739622659,0.0035039900145304,0.0093508379044444,0.0093508379044444,0.0093508379044444,0.0054897739622659,0.0093508379044444,0.0054897739622659,0.0054897739622659,0.0093508379044444,0.0023592382939451,0.0054897739622659,0.0395346073882112,0.0093508379044444,0.0093508379044444,0.0054897739622659,0.0054897739622659,0.0008743816951519,0.0634383215133850,0.0093508379044444,0.0990762941250355,0.0525854442155951,0.0011875109943899,0.0016499121738811,0.0054897739622659,0.0035039900145304,0.0023592382939451,0.0054897739622659,0.1903467383255359,0.0746557720602402,0.0054897739622659,0.0093508379044444,0.0484260925406982,0.0093508379044444,0.0093508379044444,0.0093508379044444,0.0016499121738811,0.0054897739622659,0.0054897739622659,0.0006559100567897,0.0093508379044444,0.0023592382939451,0.1021910537633849,0.0093508379044444,0.0093508379044444,0.0054897739622659,0.0093508379044444,0.0093508379044444,0.0093508379044444,0.0093508379044444,0.0093508379044444,0.0011875109943899,0.0093508379044444,0.0093508379044444,0.0016499121738811,0.0093508379044444,0.0432755844386024,0.0987840645231311,0.0016499121738811,0.0054897739622659,0.0093508379044444,0.0297496231020925,0.0399814976891469,0.0023592382939451,0.0615774496964137,0.0093508379044444,0.0023592382939451,0.0054897739622659,0.0093508379044444,0.0093508379044444,0.0093508379044444,0.0743698143311868,0.0093508379044444,0.0093508379044444,0.0866771663920826,0.0093508379044444,0.0093508379044444,0.0093508379044444,0.0093508379044444,0.0093508379044444,0.0035039900145304,0.0093508379044444,0.0054897739622659,0.0093508379044444,0.1289648625845766,0.0093508379044444,0.0093508379044444,0.0054897739622659,0.0054897739622659,0.0093508379044444,0.0054897739622659,0.0054897739622659,0.0093508379044444,0.0093508379044444,0.0093508379044444,0.0093508379044444,0.0459128913180095,0.0093508379044444,0.0093508379044444,0.0093508379044444,0.0093508379044444,0.0093508379044444,0.0093508379044444,0.0093508379044444,0.0093508379044444,0.0093508379044444,0.0093508379044444,0.0093508379044444,0.0054897739622659,0.0093508379044444,0.0093508379044444,0.0093508379044444,0.0093508379044444,0.0093508379044444,0.0093508379044444
0.0000817620149798,0.1650907710507528,0.0001519001131658,0.0988995363459460,0.0001227794602193,0.0390257907232730,0.0000998940152291,0.0001227794602193,0.0001227794602193,0.0000998940152291,0.0001892894619773,1.0000000000000000,0.0457407825322090,0.0788309074314974,0.2411320466860582,0.0816725342231767,0.2263942356665617,0.0384508346716737,0.0794922574795136,0.0911275760000642,0.0774742248553804,0.1016915941338889,0.1641941442194944,0.0001519001131658,0.3415198160844279,0.1116122187305110,0.0826254553579047,0.0990218787664064,0.0000998940152291,0.0000672896537771,0.0001227794602193,0.0000323581990023,0.3973393305302493,0.3646836070438744,0.1836667905515699,0.1744033179598722,0.0825460997014440,0.0432308238232623,0.0991452524742376,0.0778722525919256,0.0786325347405315,0.2969462763582553,0.1689247925413376,0.0001892894619773,0.0001892894619773,0.0001892894619773,0.0377774105466887,0.0001519001131658,0.0402414298533730,0.0001519001131658,0.0002377789371818,0.0001892894619773,0.1058745453739508,0.2160403715011010,0.0001519001131658,0.0001892894619773,0.0001892894619773,0.0722600388001913,0.0001519001131658,0.0751625632729454,0.0473797000795816,0.0001892894619773,0.0336394252803224,0.0001519001131658,0.0825694718011374,0.3089700821532368,0.0002377789371818,0.0001227794602193,0.0335423906171069,0.0321514531739017,0.0001227794602193,0.0001227794602193,0.0000998940152291,0.0001227794602193,0.0403387231119730,0.0001227794602193,0.0001227794602193,0.0436990647118543,0.0579708961576557,0.0541283139740076,0.0001519001131658,0.2410946573372467,0.1911178863102534,0.0001519001131658,0.0002377789371818,0.0396516856822649,0.1984643177881686,0.0001519001131658,0.0657147827006729,0.0689047722077025,0.0001892894619773,0.0722974281490028,0.0785636351285973,0.0314840969069307,0.0001892894619773,0.1916434147364487,0.1271121691010110,0.0001892894619773,0.0911670564455639,0.0001892894619773,0.0312210156651164,0.0001519001131658,0.0320130298530594,0.2604157151914879,0.0001892894619773,0.0450484819978832,0.0001519001131658,0.0976810077778260,0.1874674444132698,0.0622137908002046,0.0001892894619773,0.0001892894619773,0.0001892894619773,0.0002377789371818,0.0432537092682525,0.1270000823814206,0.0001892894619773,0.0360192159563551,0.0001892894619773,0.1214532095153789,0.0737780441737815,0.4256068761188272,0.0351362470519401,0.0541657033228190,0.7246659309831612,0.0001892894619773,0.0001892894619773,0.0001892894619773,0.0001892894619773,0.0001519001131658,0.0503045535553247,0.0368363135807176,0.0000998940152291,0.0000998940152291,0.0001227794602193,0.0001227794602193,0.0001227794602193,0.0540991933210610,0.0001227794602193,0.0001227794602193,0.0285054397814234,0.0001892894619773,0.1345419837858704,0.0471076050272855,0.0467780130394439,0.0001892894619773,0.0367017972043395,0.0396516856822649,0.0349678304562781,0.0001227794602193,0.0000998940152291,0.0704500791695514,0.0541657033228190,0.0402414298533730,0.0001892894619773,0.1750096252456233,0.0538782707775663
0.0002377789371818,0.2329784215666709,0.0003013761815677,0.0472191873691654,0.0003858607020336,0.3585613823962006,0.0003013761815677,0.0003858607020336,0.0003858607020336,0.0001227794602193,0.0003858607020336,0.0457407825322090,1.0000000000000000,0.0383529346266396,0.0451144028413127,0.0901018558885072,0.0915957347790076,0.1297469313757789,0.2603787291379994,0.1027643946731193,0.0362419517660754,0.0492871163696906,0.0792947825423520,0.0003013761815677,0.0390547419795309,0.0525168708656123,0.0394350117670871,0.0475307008117658,0.0003013761815677,0.0001892894619773,0.0003858607020336,0.0000817620149798,0.0476136331748105,0.0425722471304133,0.0913617869154493,0.0473812027505951,0.1037620457980520,0.1506942829966491,0.0478078077721780,0.0380555576033531,0.0383529346266396,0.0539984979454020,0.0824522432565582,0.0006559100567897,0.0006559100567897,0.0006559100567897,0.1265949379572742,0.0004997488725336,0.1372245304675666,0.0004997488725336,0.0008743816951519,0.0006559100567897,0.0004997488725336,0.0008743816951519,0.0004997488725336,0.0006559100567897,0.0006559100567897,0.2562716044584011,0.0004997488725336,0.1080350640622157,0.1530056978679930,0.0006559100567897,0.1774459709413797,0.0004997488725336,0.0003013761815677,0.0568626658008448,0.0008743816951519,0.0003858607020336,0.1133846511842197,0.2822168985722667,0.0003858607020336,0.0003858607020336,0.0003013761815677,0.0003858607020336,0.0003858607020336,0.0003858607020336,0.0003858607020336,0.1442836853540040,0.1925155994089659,0.3205747224782659,0.0004997488725336,0.0450299183208468,0.0972534482950230,0.0004997488725336,0.0008743816951519,0.1346491102723190,0.0943356987851668,0.0004997488725336,0.1898632324085282,0.1911503251640923,0.0006559100567897,0.4501399236024423,0.2253487783299847,0.2745616667234049,0.0006559100567897,0.0006559100567897,0.0624159067743024,0.0006559100567897,0.2349275211955374,0.0006559100567897,0.2740731457302865,0.0004997488725336,0.4525794824495410,0.0462139788698822,0.0006559100567897,0.0016499121738811,0.0004997488725336,0.2772188081794835,0.1283195364279729,0.0008743816951519,0.0006559100567897,0.0006559100567897,0.0006559100567897,0.0008743816951519,0.1507787675171149,0.0618843058367022,0.0006559100567897,0.1192317728032794,0.0006559100567897,0.1250867393037447,0.0003858607020336,0.0468289270570987,0.1104041077989134,0.1900680718389264,0.0969407638857801,0.0006559100567897,0.0006559100567897,0.0006559100567897,0.0006559100567897,0.0004997488725336,0.0004997488725336,0.1226384898450539,0.0003013761815677,0.0003013761815677,0.0003858607020336,0.0003858607020336,0.0003858607020336,0.1897980224841703,0.0003858607020336,0.0003858607020336,0.0923091451601025,0.0003858607020336,0.0003858607020336,0.1583150841791442,0.1569051861306376,0.0003858607020336,0.1272100448250359,0.1343790609175630,0.1197197094373078,0.0003858607020336,0.0003013761815677,0.0006559100567897,0.1900680718389264,0.1372245304675666,0.0006559100567897,0.0003858607020336,0.0003858607020336
